9296697,-5.239105,-5.6091356,4.1314087
9296707,-5.2007847,-5.659431,4.071533
9296717,-5.2007847,-5.6462584,4.0811133
9296820,-4.9576902,-5.6223083,3.9002893
9296825,-4.8978148,-5.710924,3.8835242
9296835,-4.768484,-5.8187,3.9469922
9296845,-4.8175817,-5.8570204,4.094286
9296855,-4.750521,-6.0953245,4.164939
9296864,-4.951703,-6.0126967,4.2810974
9296874,-4.940925,-5.9121056,4.115841
9296884,-5.0977993,-5.7923546,4.0882983
9296894,-5.181625,-5.7312818,3.8727465
9296904,-5.1672544,-5.605543,3.739823
9296914,-5.2355127,-5.6163206,3.4751732
9296924,-5.0810337,-5.5935683,3.4057178
9296934,-5.1037865,-5.574408,3.5110986
9296943,-5.146897,-5.7540345,3.6571949
9296953,-5.380411,-5.7851696,3.857179
9296963,-5.332511,-5.8666005,3.547024
9296973,-5.1780324,-5.640271,2.990182
9296983,-5.069059,-5.5684204,2.4273522
9296993,-4.8810496,-5.295388,1.4813195
9297003,-4.869075,-5.127737,0.6993457
9297012,-4.742139,-4.9996033,0.07304809
9297022,-4.7672863,-5.1121693,-0.24309449
9297032,-4.7541137,-5.452262,-0.55803955
9297042,-4.766089,-6.0713744,-0.27542725
9297052,-4.8091993,-6.9120264,-0.031135254
9297062,-4.975653,-7.785011,0.29099488
9297072,-4.9780483,-8.634046,-0.039517824
9297081,-5.0738487,-9.423204,-0.3939807
9297091,-5.454657,-10.274633,-0.3065625
9297101,-5.7217016,-11.3008995,-0.17723145
9297111,-5.83786,-11.93558,-0.24309449
9297121,-5.669011,-11.848162,-0.3544629
9297131,-5.3217335,-11.388318,-1.0370435
9297141,-4.794829,-10.644665,-2.5004003
9297150,-4.3864784,-9.827963,-3.4308655
9297160,-3.9553747,-9.044791,-3.8236487
9297170,-3.7949085,-8.169412,-3.8092785
9297180,-4.2224193,-7.316785,-4.035608
9297190,-4.4786863,-6.8114357,-4.4762917
9297200,-4.7960267,-6.6940794,-4.479884
9297210,-5.391189,-6.9527416,-4.3385777
9297220,-5.4798045,-7.701185,-4.214037
9297229,-5.3193383,-8.5083065,-3.6164794
9297239,-5.003196,-9.402846,-3.4212854
9297249,-4.4906616,-9.953701,-3.214116
9297259,-4.2152343,-9.916578,-2.9494665
9297269,-3.925437,-9.491463,-3.3602123
9297279,-4.0104604,-8.732242,-3.849994
9297289,-4.4008484,-8.28557,-3.5649865
9297303,-4.446354,-8.126301,-3.578159
9297313,-4.397256,-8.026908,-3.7565882
9297323,-4.414021,-8.25204,-3.6212695
9297333,-4.196074,-8.704699,-3.5829492
9297343,-4.0392003,-8.828042,-3.9613624
9297352,-4.030818,-8.595725,-3.7745507
9297362,-3.866759,-8.25683,-3.7218604
9297372,-3.7996986,-8.161029,-4.2511597
9297382,-3.8715491,-8.429272,-4.199667
9297392,-4.140989,-8.478369,-3.68354
9297402,-4.3924656,-8.545429,-3.3530273
9297412,-4.785249,-8.474776,-3.3230896
9297421,-5.037924,-8.644823,-3.6452198
9297431,-5.1361194,-8.709489,-4.160149
9297441,-5.0989966,-8.904682,-4.5445495
9297451,-4.693041,-8.853189,-4.252357
9297461,-4.291875,-8.739427,-3.7805383
9297471,-4.362528,-8.394544,-3.4488282
9297481,-4.63077,-7.8664417,-2.7231371
9297490,-5.163662,-7.467671,-0.984353
9297500,-5.031936,-7.498806,-2.6704469
9297510,-5.0487013,-7.219786,-1.9279907
9297520,-6.452183,-8.127499,-1.7914746
9297530,-6.227051,-9.262738,-2.982997
9297540,-6.707252,-10.671009,-4.047583
9297550,-6.3695545,-10.395582,-5.0091834
9297560,-6.476133,-9.317823,-4.6319675
9297569,-5.6330857,-5.7660093,-5.853428
9297579,-5.476212,-2.1183949,-4.9481106
9297589,-5.309758,-1.3268409,-3.7757483
9297599,-5.2283278,-3.6943176,-4.6331654
9297609,-5.3241286,-7.04495,-2.5890162
9297619,-5.999524,-9.936936,-1.7543519
9297629,-6.192323,-10.702145,-2.4141798
9297638,-5.749244,-9.82916,-8.771759
9297648,-6.387517,-9.695039,1.2573853
9297658,-4.380491,-7.1778736,-0.9855505
9297668,-3.509901,-8.489147,-4.9552956
9297678,-5.413942,-10.775193,2.9865894
9297688,-5.146897,-10.202784,1.8477576
9297698,-4.4439588,-7.970625,-2.6572742
9297707,-4.360133,-6.6701293,-3.5314562
9297717,-5.126539,-6.6306114,-3.7973034
9297727,-5.5468655,-7.162306,-1.7639319
9297737,-6.3132715,-7.332352,0.5508545
9297747,-5.583988,-7.5371265,0.90411985
9297757,-5.004393,-7.08327,2.654879
9297767,-4.5122166,-7.306007,2.6776319
9297776,-4.6595106,-7.476053,2.696792
9297786,-4.687053,-9.389674,2.7961853
9297796,-5.0870214,-8.630453,2.0022364
9297806,-4.455934,-6.749165,1.8309925
9297816,-4.2787023,-6.1156826,2.3674767
9297826,-4.31822,-5.8498354,2.1950355
9297836,-4.6032276,-7.203021,1.9351758
9297846,-5.50615,-8.475974,3.7961059
9297855,-5.090614,-8.860374,3.3446448
9297865,-4.5625124,-7.9718227,2.3878345
9297875,-4.6906457,-6.291716,2.4237597
9297885,-6.1396327,-5.6833816,2.1950355
9297895,-3.05365,-5.197192,1.111289
9297905,-5.054689,-7.220984,3.7996986
9297915,-5.78038,-6.6773143,6.1444225
9297924,-6.13125,-7.4101906,5.845045
9297934,-4.191284,-6.339617,6.060597
9297944,-1.2885205,-1.7771045,8.471184
9297954,-11.872112,-11.830199,6.108497
9297964,-5.1145644,-5.0942063,-0.98195803
9297974,-6.312074,-6.6797094,13.771362
9297984,-2.8656409,-5.733677,1.6944764
9297993,-1.2813355,-3.8847218,-3.37578
9298003,-5.936056,-4.1122484,12.546309
9298013,-2.4129822,-2.1327648,3.2871642
9298023,-5.0091834,-1.470542,1.9411633
9298033,-1.289718,-3.3314722,3.1350806
9298043,-5.405559,-6.5575633,2.8859985
9298053,-14.159355,-13.316309,18.35064
9298062,-17.015417,-0.061072998,2.7913952
9298072,-5.667814,0.554447,-6.617439
9298082,-4.1373963,2.3052063,-2.325564
9298092,-4.315825,2.5554857,3.150648
9298102,-2.217788,0.6825806,-1.2406201
9298112,0.35087037,-5.3217335,4.2391844
9298122,-4.091891,-10.879376,2.5315356
9298131,-4.61161,-11.345207,3.742218
9298141,-0.6370752,-3.6727624,0.30776
9298151,-1.1963123,-9.827963,-5.9755735
9298161,-4.815187,-20.10619,3.9913
9298171,-11.618239,-26.115294,-1.0118958
9298181,-7.787406,-14.179713,-2.7806177
9298191,-2.650089,-5.2415004,3.7434156
9298201,-1.785487,-4.9385304,-5.8402553
9298210,-2.926714,-9.075927,-0.75562865
9298220,-4.169729,-7.658075,0.859812
9298230,-2.8608508,-5.6738014,-3.9661524
9298240,-1.2142749,-4.797224,-1.2981006
9298250,-1.463357,-8.7262535,-7.2808595
9298260,-3.5362463,-12.165502,-1.3220508
9298270,-7.286847,-13.044474,-2.5423133
9298279,-7.6221495,-7.1443434,-3.554209
9298289,-5.419929,-4.819977,-5.4414845
9298299,-4.548142,-7.6029897,-5.7923546
9298309,-5.708529,-11.268567,-3.9853125
9298319,-6.476133,-13.155842,-2.3531067
9298329,-5.9911413,-12.5882225,-2.6512866
9298339,-5.7288866,-10.259067,-3.2596216
9298349,-5.373226,-6.7994604,-3.182981
9298358,-4.9445176,-4.076323,-3.7027001
9298368,-4.5469446,-3.9517822,-5.7025414
9298386,-4.93374,-5.6953564,-7.066505
9298396,-5.398374,-8.462802,-5.971981
9298406,-5.8007374,-10.448273,-3.5326538
9298416,-5.245093,-11.322454,-0.041912843
9298426,-4.4499464,-10.759625,0.96040285
9298436,-3.2608192,-10.080637,-1.465752
9298446,-2.102827,-8.764574,-3.4643958
9298455,-1.895658,-7.4221654,-4.2020617
9298465,-2.3782544,-6.660549,-5.3193383
9298475,-2.8177404,-6.514453,-6.525231
9298485,-2.7866051,-6.730005,-7.6245446
9298495,-2.6596692,-6.986272,-8.182584
9298505,-2.7854078,-7.3586974,-8.640033
9298515,-2.7410998,-7.5419164,-7.191046
9298525,-2.6512866,-6.819818,-5.52531
9298534,-2.7854078,-6.798263,-6.980284
9298544,-3.6332445,-7.6401124,-7.486831
9298554,-4.3122325,-8.731044,-4.8475194
9298564,-4.4762917,-9.890233,-2.4333398
9298574,-3.9565723,-10.354867,-2.9099488
9298584,-3.920647,-9.778865,-5.2259326
9298594,-4.0679407,-7.9430823,-6.539601
9298603,-3.798501,-5.889353,-6.7599425
9298613,-3.4943335,-4.6427455,-7.3838453
9298623,-3.1722033,-4.8235693,-8.274793
9298633,-3.3039293,-5.677394,-8.213719
9298643,-3.5601966,-6.947952,-7.3491173
9298653,-3.9469922,-7.813751,-6.356382
9298663,-4.1685314,-8.205337,-7.180269
9298672,-4.02962,-8.54064,-6.803053
9298682,-4.2822948,-7.65089,-5.2091675
9298692,-4.536167,-6.0390415,-4.452341
9298702,-4.605623,-4.2858872,-3.131488
9298712,-4.331393,-3.681145,-5.7564297
9298722,-3.8799317,-4.2319994,-5.7073317
9298732,-4.8175817,-5.879773,-4.731361
9298742,-5.1504893,-6.412665,-8.671168
9298751,-5.2882032,-7.4461155,-8.131091
9298761,-5.8031325,-8.702304,-9.780063
9298771,-5.8031325,-8.762179,-11.118878
9298781,-6.0785594,-7.67005,-9.202863
9298791,-6.671327,-5.3037705,-3.615282
9298801,-6.1815453,-3.009342,-1.7112415
9298811,-4.55892,-1.84656,-6.40548
9298820,-2.77463,-4.1242237,-11.881692
9298830,-2.7135572,-6.6210313,-10.403965
9298840,-4.8235693,-8.703501,-8.642428
9298850,-7.291637,-7.601792,-6.7922754
9298860,-7.1826634,-6.6868944,-9.128617
9298870,-7.060518,-8.024513,-10.375225
9298880,-8.066425,-9.206455,-5.007986
9298889,-6.956334,-9.899814,-6.73719
9298899,-5.210365,-8.376581,-7.5047936
9298909,-4.0344105,-6.3791347,-7.2149963
9298919,-3.7506006,-5.5049524,-7.2102065
9298929,-4.2224193,-5.7073317,-7.571854
9298939,-5.077441,-6.5599585,-6.1252623
9298949,-5.2917957,-8.709489,-7.7610607
9298958,-5.459447,-9.273516,-8.380174
9298968,-5.16486,-7.38145,-4.8798523
9298978,-4.2810974,-5.854625,-4.4978466
9298988,-3.9362147,-4.646338,-2.7291248
9298998,-3.5182836,-4.5541296,-2.1818628
9299008,-3.2428565,-5.325326,-2.3004162
9299018,-2.9913795,-5.7612195,-1.3974938
9299028,-3.006947,-5.9396486,-1.1496093
9299037,-3.0811927,-6.573131,-2.3315516
9299047,-3.3638048,-6.864126,-2.4357347
9299057,-3.8990917,-6.2665687,-2.6405091
9299067,-4.2415795,-5.877378,-4.0332127
9299077,-3.9601648,-5.6738014,-4.716991
9299087,-3.4608033,-5.5708156,-5.710924
9299097,-3.0308971,-5.266648,-6.468948
9299106,-3.2775843,-4.8032117,-7.379055
9299116,-4.3613305,-5.302573,-9.699829
9299126,-4.9768505,-7.946675,-13.485157
9299136,-5.8019347,-9.42081,-12.81096
9299146,-6.148015,-9.481882,-12.992981
9299156,-6.0713744,-8.374186,-13.105547
9299166,-5.8570204,-7.2628965,-12.372671
9299175,-5.195995,-6.295309,-11.833792
9299185,-4.693041,-5.7372694,-11.795471
9299195,-4.604425,-5.597161,-12.075688
9299205,-4.7086086,-5.6785913,-10.888956
9299215,-4.8594947,-6.1863356,-10.027946
9299225,-4.9768505,-6.262976,-10.196795
9299235,-5.170847,-5.5360875,-9.871073
9299245,-5.469027,-5.266648,-10.891352
9299254,-5.266648,-5.1049843,-10.960807
9299264,-4.970863,-4.2882824,-8.013736
9299274,-5.4462743,-3.7697608,-6.3767395
9299284,-5.4534593,-5.6881714,-0.120948486
9299294,-5.630691,-8.31431,7.989785
9299304,-3.97693,-10.575209,5.0594788
9299314,-2.3698719,-10.374027,1.0047107
9299323,-2.8440857,-6.389912,-0.6119275
9299333,-4.0906935,-3.7745507,-4.2260118
9299343,-4.736151,-2.7890003,-5.6151233
9299353,-4.834347,-3.8428087,-6.180348
9299363,-4.4834766,-5.7312818,-5.9288707
9299373,-4.052373,-7.133566,-5.245093
9299383,-3.549419,-7.5682616,-4.91458
9299392,-3.241659,-7.0712953,-3.171006
9299402,-2.9734168,-6.929989,-4.5912523
9299412,-2.6081762,-5.7779846,-4.477489
9299422,-2.147135,-6.10251,-6.534811
9299432,-3.732638,-4.9373326,-7.747888
9299442,-5.6570363,-4.7696815,-9.11784
9299452,-6.9287915,-5.9216857,-12.319981
9299461,-8.00655,-8.036488,-13.798905
9299471,-8.832832,-8.181387,-16.105309
9299481,-8.723859,-8.236472,-15.805931
9299491,-7.3467226,-7.4544983,-14.396462
9299501,-5.454657,-7.052135,-12.492422
9299511,-4.2415795,-6.274951,-9.83395
9299521,-3.8811293,-6.7779055,-8.352631
9299531,-4.487069,-6.6868944,-10.217154
9299540,-5.49178,-5.660629,-12.542717
9299550,-6.5372057,-3.6571949,-11.468551
9299569,-6.807843,-3.5063086,-9.405242
9299579,-5.8486376,-5.1672544,-5.868995
9299589,-5.5193224,-7.6413097,-3.1075377
9299599,-2.887196,-9.5214,4.118236
9299609,-0.14968872,-9.400452,7.96823
9299618,-0.42152345,-10.609937,-1.2490027
9299628,-2.4956102,-6.963519,1.9806812
9299638,-6.7970653,-3.3458424,0.014370117
9299648,-8.117919,-2.5782385,-4.700226
9299658,-6.485713,-4.287085,-5.492977
9299668,-4.3122325,-7.2401443,-5.7540345
9299678,-2.738705,-9.474697,-7.0629125
9299688,-2.4189696,-8.176597,-4.228407
9299697,-2.2932312,-7.1682935,-6.3839245
9299707,-2.1315675,-6.1037073,-6.932384
9299717,-2.5854235,-5.403164,-8.52627
9299727,-4.3565407,-4.0439906,-9.325008
9299737,-6.6725245,-4.716991,-13.850398
9299747,-8.352631,-5.53968,-15.180831
9299757,-9.79084,-5.7360716,-14.552138
9299766,-8.653206,-8.200547,-15.526912
9299776,-6.2007055,-10.833871,-12.381054
9299786,-4.2810974,-11.037448,-10.450667
9299796,-3.9146595,-8.432864,-9.006471
9299806,-4.4954515,-4.7840514,-7.955057
9299816,-5.0259485,-2.650089,-8.7262535
9299826,-5.9228835,-3.2272887,-12.345128
9299835,-5.197192,-3.3662,-8.8484
9299845,-4.0954833,-6.4593678,-6.314469
9299855,-4.070336,-5.816305,5.2007847
9299867,-1.5040723,-7.3539076,9.861493
9299877,0.30776,-11.497292,-0.5760022
9299887,-0.6227051,-8.50711,2.699187
9299897,-4.8714695,-3.5913317,-0.9352551
9299907,-7.05932,-2.0333717,-6.6988697
9299917,-6.5551686,-3.8954992,-7.277267
9299926,-5.7995396,-7.7754307,-6.3911095
9299936,-4.806804,-10.05549,-4.301455
9299946,-3.8679566,-10.036329,-4.4439588
9299956,-3.9829175,-8.527467,-5.357659
9299966,-2.9758117,-7.691605,-8.2197075
9299976,-3.0668225,-3.8332288,-7.682025
9299986,-3.9661524,-2.9327013,-11.4206505
9299995,-6.1851377,-3.2859669,-14.452745
9300005,-9.049582,-3.6823425,-14.926959
9300015,-9.85311,-6.551576,-17.101637
9300025,-8.309521,-10.712922,-13.251643
9300035,-6.074967,-12.537928,-7.9131446
9300045,-4.91937,-11.457773,-7.418573
9300055,-4.0583606,-7.237749,-6.680907
9300065,-3.5721717,-2.7806177,-7.4485106
9300074,-3.6583924,-0.93286014,-14.071938
9300084,-5.6905665,-0.31374756,-13.542638
9300094,-5.1924024,-3.7206628,-8.017328
9300104,-4.6259804,-7.4568934,5.0582814
9300114,-1.9854712,-12.352313,12.886402
9300124,-0.69455564,-17.22977,-1.3903089
9300134,-1.6178356,-9.884246,3.5673816
9300143,-6.598279,-1.6022681,-2.034569
9300153,-7.692803,1.0633887,-7.1144056
9300165,-5.691764,-2.6213489,-6.495293
9300175,-4.287085,-7.9107494,-5.6414685
9300185,-3.2823744,-10.692565,-3.3626075
9300195,-3.251239,-10.443482,-2.9027636
9300205,-3.6068995,-8.623268,-4.508624
9300215,-3.026107,-7.644902,-9.717792
9300225,-4.008065,-3.617677,-10.626701
9300234,-5.0642686,-1.4513818,-14.515016
9300244,-6.929989,-1.0873389,-12.485237
9300254,-7.629335,-5.21276,-16.021482
9300264,-6.3036914,-9.496252,-12.413386
9300274,-5.0067883,-11.669733,-9.799222
9300284,-4.9014072,-10.5057535,-10.330916
9300294,-5.24629,-7.1144056,-10.072254
9300304,-5.0475035,-4.235592,-8.777746
9300313,-4.987628,-4.3289976,-8.5574045
9300323,-4.3301954,-6.5108604,-8.02571
9300333,-4.2810974,-6.470145,-4.418811
9300343,-2.9925768,-6.77072,2.6800268
9300353,-2.2680836,-8.781339,-2.9087512
9300363,-2.46687,-5.710924,-2.8321106
9300373,-4.5325747,-2.9303064,-5.380411
9300382,-6.2737536,-2.9614418,-6.253396
9300392,-6.7755103,-5.6953564,-6.1935205
9300402,-6.170768,-9.135802,-5.445077
9300412,-4.7612987,-9.713001,-5.0498986
9300422,-3.5182836,-8.26641,-6.2234583
9300432,-2.7973828,-6.1396327,-6.2174706
9300442,-2.1459374,-4.93374,-7.0509377
9300451,-1.651366,-5.1504893,-7.909552
9300461,-1.9315833,-6.0174866,-7.0892577
9300471,-2.6668541,-6.9503465,-6.3515916
9300481,-3.359015,-7.6808276,-6.357579
9300491,-4.111051,-8.110734,-6.436615
9300501,-4.869075,-7.4568934,-6.8389783
9300511,-5.0163684,-6.3994923,-6.9192114
9300521,-4.782854,-6.868916,-5.767207
9300530,-5.3384986,-6.5060706,-4.030818
9300540,-4.572092,-8.196955,-3.744613
9300550,-5.6438637,-7.8101587,-2.4908204
9300560,-5.259463,-7.0329747,-5.5217175
9300570,-5.9516234,-7.545509,-5.562433
9300580,-7.267687,-8.618478,-6.3288393
9300590,-8.516689,-10.235116,-7.1599107
9300599,-8.489147,-9.9644785,-6.332432
9300609,-6.2713585,-8.581355,-7.919132
9300619,-5.3947816,-7.2161937,-7.828121
9300629,-5.567223,-6.182743,-7.225774
9300639,-5.6247034,-5.7851696,-6.9287915
9300649,-5.696554,-6.2102857,-5.181625
9300659,-5.327721,-6.531218,-3.126698
9300668,-4.5912523,-7.331155,-3.9685473
9300678,-4.336183,-8.041278,-3.4332604
9300688,-4.8547044,-7.676038,-2.4273522
9300698,-5.4726195,-7.5922117,-2.3734643
9300708,-5.6582336,-7.489226,-2.4045997
9300718,-5.6630235,-7.625742,-2.337539
9300732,-5.9228835,-7.532336,-2.3459215
9300742,-6.243816,-7.4640784,-0.3436853
9300752,-7.1191955,-6.2665687,2.203418
9300762,-5.6091356,-7.0964427,3.4871485
9300771,-5.5217175,-8.309521,3.265609
9300781,-5.595963,-9.81479,1.228645
9300791,-4.269122,-11.522439,1.4549744
9300801,-3.2308815,-11.88289,-2.9051588
9300811,-4.2343946,-11.791879,-4.5050316
9300821,-6.787485,-10.599159,-1.4585669
9300831,-5.853428,-8.092771,2.0657043
9300841,-6.9994445,-7.7886033,0.81191164
9300850,-6.6868944,-6.4246397,4.834347
9300860,-3.8248463,-2.086062,4.6080174
9300870,-5.8270826,-1.4406042,3.222499
9300880,-4.1302114,0.10897339,4.155359
9300890,-5.367239,-0.34847534,2.74589
9300900,-5.4965696,-1.6058606,5.4750147
9300910,-2.1698878,2.5878186,12.30082
9300919,-10.947635,-14.338982,4.9672704
9300929,-7.620952,-11.595487,0.46343628
9300939,-12.001443,-17.629738,11.96432
9300949,-1.834585,-11.60866,-5.49178
9300959,-5.4319043,-9.714199,7.570657
9300969,-6.3300366,-4.4511437,-10.613529
9300979,-3.7482057,5.6318884,-3.2763867
9300988,-2.9195287,10.979967,2.0369642
9300998,1.2969031,4.728966,4.0392003
9301008,-1.5567627,-6.753955,-13.297149
9301018,-17.426163,-17.543518,7.157516
9301028,-15.94125,-0.19160156,0.7592212
9301038,-9.544153,8.243657,-6.074967
9301048,-9.18969,5.5193224,2.889591
9301058,-0.8909473,1.0190808,-6.5228357
9301067,3.3039293,-7.3539076,-9.678274
9301077,2.523153,-4.5134144,8.519085
9301087,-6.4545774,-17.242943,8.255632
9301097,-14.535374,-16.310083,8.440049
9301107,-9.715397,-1.0597961,-4.778064
9301117,-3.2560291,-8.077204,-7.629335
9301127,-6.661747,-16.12926,8.116721
9301136,-8.874744,-15.849042,-1.2957056
9301146,-6.0318565,-9.539363,1.1831397
9301156,-5.133724,2.274071,-3.0943651
9301166,-3.0907726,-0.305365,-6.821016
9301176,-4.435576,-4.0463853,-6.6557593
9301186,-6.8317933,-5.0630713,-4.7349534
9301196,-7.3982153,-6.364764,-6.206693
9301205,-7.316785,-8.270002,-6.3695545
9301215,-6.3527894,-8.825647,-6.929989
9301225,-6.9826794,-9.626781,-8.855585
9301235,-7.731123,-11.843371,-7.7790236
9301245,-7.1706886,-12.597803,-4.855902
9301255,-6.3108764,-12.434941,-4.326603
9301265,-5.4175344,-12.457694,-5.9372535
9301275,-4.291875,-12.121194,-7.443721
9301284,-3.0560448,-10.745255,-7.961045
9301294,-2.2968237,-10.284214,-8.580157
9301304,-2.459685,-10.926079,-8.305927
9301314,-2.7925928,-10.409952,-6.053412
9301324,-3.6284547,-9.587263,-4.4020457
9301334,-4.8978148,-8.91067,-3.4200878
9301344,-5.6330857,-8.184979,-3.05844
9301353,-5.748047,-7.2557116,-3.150648
9301363,-5.4702244,-6.516848,-3.556604
9301373,-5.031936,-5.931266,-4.1002736
9301383,-4.5780797,-5.4798045,-4.3385777
9301393,-4.3373804,-5.2319202,-4.756509
9301403,-4.653523,-5.449867,-5.2007847
9301413,-5.151687,-5.9923387,-5.4342995
9301422,-5.532495,-6.4030848,-5.527705
9301438,-5.806725,-6.4593678,-5.6738014
9301448,-5.9516234,-6.4964905,-6.189928
9301457,-5.586383,-6.382727,-6.3060865
9301467,-5.261858,-6.2641735,-6.0390415
9301477,-4.9481106,-6.0342517,-5.384004
9301487,-4.604425,-6.6330066,-6.4258375
9301497,-4.6762757,-7.3048096,-7.0257897
9301507,-4.538562,-7.179071,-6.868916
9301517,-3.9637573,-6.8629284,-7.167096
9301526,-3.849994,-5.8713903,-7.340735
9301536,-4.517007,-5.0415163,-6.6581545
9301546,-5.1456995,-4.3864784,-6.476133
9301556,-5.2702403,-4.8822474,-6.8952613
9301566,-4.813989,-6.461763,-7.191046
9301576,-4.531377,-7.5287437,-7.1203933
9301586,-4.8942223,-8.28557,-7.4473133
9301595,-5.5935683,-8.012538,-6.5012803
9301605,-6.175558,-6.582711,-5.285808
9301615,-6.4485903,-5.1480947,-5.403164
9301625,-6.0402393,-3.4596057,-6.3743443
9301635,-5.1924024,-2.4728577,-7.599397
9301645,-4.768484,-2.0285816,-9.299861
9301655,-5.3684363,-4.719386,-7.4389305
9301665,-5.357659,-5.6414685,-7.66047
9301674,-5.4738173,-8.302335,-6.4988856
9301684,-4.454736,-7.277267,-6.1935205
9301694,-4.421206,-7.1934414,-8.357421
9301704,-4.008065,-6.460565,-10.744058
9301714,-2.882406,-5.6833816,-10.356065
9301724,-2.3004162,-5.173242,-9.604029
9301734,-2.4081922,-5.1145644,-9.049582
9301743,-2.76984,-5.3061657,-8.278385
9301753,-3.1470556,-6.100115,-7.716753
9301763,-3.485951,-6.9335814,-7.176676
9301773,-3.8044884,-7.5670643,-7.1754785
9301783,-3.8775365,-7.989785,-6.852151
9301793,-4.485872,-8.595725,-7.6940002
9301803,-3.923042,-6.3372216,-6.0617943
9301812,-4.57329,-6.6162415,-9.22801
9301822,-4.0511756,-4.8499146,-5.1528845
9301832,-3.8775365,-4.3289976,-9.726174
9301842,-3.6799476,-6.644982,-8.054451
9301852,-2.8955786,-6.4426026,-6.149213
9301862,-2.650089,-6.629414,-7.36229
9301872,-2.086062,-5.698949,-7.1168003
9301881,-2.1555176,-4.6738806,-7.4485106
9301891,-2.5459058,-4.839137,-6.9024463
9301901,-3.004552,-6.413862,-7.4197707
9301911,-3.4500256,-8.775352,-6.5503783
9301921,-3.7050953,-10.504556,-4.418811
9301931,-3.9553747,-11.235037,-7.69879
9301941,-4.084706,-10.484198,-4.834347
9301951,-4.519402,-8.25683,-6.5036755
9301960,-5.118157,-6.5695386,-6.859336
9301970,-5.6749988,-4.254752,-6.949149
9301980,-6.404282,-3.446433,-4.5852647
9301990,-6.964717,-3.3039293,-8.292755
9302000,-5.9923387,-5.774392,-7.322772
9302010,-4.5541296,-6.644982,-7.103628
9302020,-3.4608033,-7.4293504,-6.587501
9302029,-2.503993,-7.5191636,-5.2498827
9302039,-2.6405091,-5.967191,-1.5687377
9302049,-2.6488917,-5.403164,-3.9673498
9302059,-2.7878027,-6.75156,0.5783972
9302069,-1.5878979,-1.0526111,-11.714041
9302079,-2.75068,-7.2880445,-11.30569
9302089,-3.182981,-2.9494665,-4.29906
9302099,-7.0868626,-5.677394,-8.222102
9302108,-7.509584,-7.498806,-9.729767
9302118,-7.268884,-8.067623,-8.383766
9302128,-7.4293504,-8.339458,-4.1709266
9302138,-7.5538917,-9.19927,-8.728649
9302148,-5.252278,-4.951703,-4.7205834
9302158,-5.039121,-5.2977834,-9.898616
9302168,-5.3684363,-4.115841,-7.858059
9302177,-8.29515,-1.1532019,-12.939093
9302187,-9.590856,-1.5196398,-14.580879
9302197,-8.382568,-5.764812,-12.543915
9302207,-6.558761,-9.960886,-9.1202345
9302217,-5.9444385,-11.048225,-6.8557434
9302227,-5.276228,-9.971663,-7.526349
9302237,-5.2702403,-7.259304,-8.90109
9302246,-5.595963,-2.7842102,-8.205337
9302256,-6.5743284,-1.2909155,-11.256592
9302266,-5.5899754,-3.1494508,-10.984757
9302276,-4.101471,-6.001919,-7.2904396
9302286,-4.111051,-8.745414,-7.2006264
9302296,-4.174519,-9.131012,-2.8668385
9302306,-2.884801,-8.184979,1.1807446
9302316,-2.3339465,-9.484278,4.372108
9302325,-1.9351758,-9.638756,5.7947497
9302335,-2.2441332,-8.228089,2.4321423
9302345,-3.8212538,-5.0103807,0.8562195
9302355,-5.4702244,-3.4081128,-1.966311
9302365,-5.205575,-4.6822634,-5.322931
9302375,-4.670288,-4.829557,-4.675078
9302385,-3.0440698,-4.5421543,-6.2354336
9302394,-1.890868,-6.2378283,-7.505991
9302404,-3.2668066,-4.7050157,-10.47821
9302414,-5.464237,-2.3698719,-11.996653
9302424,-8.947793,-1.5639478,-15.09461
9302434,-9.950109,-5.2702403,-20.914509
9302444,-8.327483,-9.744137,-17.41778
9302454,-5.5636306,-13.189373,-12.373868
9302463,-4.6714854,-11.97869,-9.976454
9302473,-4.6104126,-7.0808754,-8.456814
9302483,-4.423601,-2.1112096,-8.711884
9302493,-4.253555,-2.3243666,-8.6699705
9302503,-4.6714854,-4.902605,-14.106665
9302513,-6.1300526,-7.97781,-9.436377
9302523,-4.7840514,-9.633966,8.022118
9302533,-1.9830762,-13.327086,-0.796344
9302542,-1.705254,-6.7192273,0.97597045
9302552,-2.9865894,-1.3915063,-1.966311
9302562,-5.398374,-2.0680993,-4.030818
9302572,-5.1768346,-5.8222923,-5.276228
9302589,-5.8905506,-9.043593,-6.364764
9302599,-5.623506,-9.605226,-5.6905665
9302609,-5.384004,-8.988508,-6.284531
9302619,-5.0894165,-7.067703,-7.0221972
9302629,-4.3002577,-5.043911,-7.413783
9302638,-3.2608192,-4.198469,-8.174202
9302648,-2.8620484,-4.7864466,-8.284372
9302658,-3.1626234,-5.749244,-7.4245605
9302668,-3.8535864,-6.5384035,-7.052135
9302678,-4.454736,-6.8749037,-6.561156
9302688,-4.9457154,-7.1754785,-5.718109
9302698,-5.132527,-7.608977,-5.948031
9302708,-5.0977993,-7.777826,-6.219866
9302717,-4.9505053,-7.5694594,-6.5443907
9302727,-5.1217494,-7.0736904,-7.2928343
9302737,-4.6882505,-5.670209,-6.963519
9302747,-4.3637257,-4.6834607,-5.588778
9302757,-4.155359,-4.8163843,-5.273833
9302767,-4.179309,-7.4413257,-7.0736904
9302777,-6.363567,-5.9396486,-8.417296
9302786,-5.5780005,-4.418811,-11.003918
9302796,-6.101312,-6.446195,-8.851993
9302806,-5.435497,-8.123906,-6.5683413
9302816,-5.4331017,-8.757389,-6.2414207
9302826,-5.830675,-7.6149645,-7.785011
9302836,-5.6151233,-5.9755735,-8.516689
9302846,-5.1552796,-4.28469,-6.9611244
9302855,-5.0008006,-3.7338355,-5.1480947
9302865,-5.285808,-4.336183,-4.0655456
9302875,-5.595963,-5.830675,-4.0392003
9302885,-5.812712,-6.852151,-5.1133666
9302895,-5.8474402,-6.8725085,-6.036647
9302905,-5.940846,-6.133645,-6.3372216
9302915,-5.8103175,-5.7863674,-5.6390734
9302925,-5.6642213,-6.5527735,-4.9600854
9302934,-5.7540345,-7.067703,-4.3002577
9302944,-5.7839723,-7.4341407,-4.0020776
9302954,-5.78996,-7.2149963,-4.806804
9302964,-5.669011,-5.276228,-2.0692968
9302974,-5.1361194,-5.332511,4.2715173
9302984,-4.2858872,-9.871073,3.5386415
9302994,-5.981561,-11.40149,3.8200562
9303003,-7.756271,-11.734398,-0.7723938
9303013,-9.050778,-7.6975927,-6.9922595
9303023,-8.192164,-4.8355446,-7.2066135
9303033,-6.7994604,-4.277505,-8.855585
9303043,-5.8294773,-5.936056,-10.037527
9303053,-5.447472,-8.933423,-12.033775
9303063,-6.006709,-12.446917,-12.021801
9303072,-6.7527575,-13.731845,-9.353748
9303082,-6.646179,-11.90205,-7.0437527
9303092,-5.8198977,-9.515412,-6.805448
9303102,-4.8103967,-6.8880763,-6.324049
9303112,-3.9457946,-5.86181,-6.680907
9303122,-3.739823,-6.055807,-5.676196
9303132,-4.1098537,-6.6210313,-3.0416749
9303142,-4.790039,-6.74677,-0.85502195
9303151,-5.595963,-6.577921,0.3676355
9303161,-6.514453,-6.308481,1.169967
9303171,-7.0461473,-7.369475,1.780697
9303181,-7.077283,-8.1143265,1.6142431
9303191,-6.199508,-8.715476,1.1196716
9303201,-6.427035,-10.42073,0.82867676
9303211,-6.332432,-11.223062,0.33410522
9303220,-5.294191,-9.977652,0.37482056
9303230,-5.344486,-8.836425,-2.6644592
9303246,-6.9240017,-8.151449,-3.0273046
9303256,-6.4330225,-5.940846,1.4477893
9303266,-5.7911572,-4.62119,1.5459851
9303276,-5.7348742,-3.725453,2.0142114
9303286,-5.6270986,-3.2991395,2.906356
9303296,-5.4067564,-2.8979735,2.887196
9303306,-3.2153137,-2.2896388,1.6956738
9303315,-8.097561,-7.167096,7.2485266
9303325,0.7005432,3.979325,9.233997
9303335,-13.683944,-12.381054,-7.8544664
9303345,-10.080637,-5.989944,10.477013
9303355,-6.100115,-8.380174,-2.1459374
9303365,-9.472302,-9.380094,1.900448
9303375,-9.57888,-16.405884,2.4896228
9303384,-6.319259,-11.457773,-0.22632934
9303394,-5.8187,-1.5687377,-2.2489233
9303404,-5.53489,-0.7113208,-2.2561083
9303414,-3.0344896,2.7399023,-0.17842895
9303424,-5.3217335,6.5863037,5.039121
9303434,-4.806804,0.7209009,-5.9444385
9303444,-10.106982,-4.2248144,3.4548156
9303454,-11.152409,-8.793314,11.4625635
9303463,-10.488988,-7.04974,9.267529
9303473,-2.13516,-13.135485,-14.816789
9303483,-6.4749355,-6.0103016,7.5934095
9303493,-8.804091,6.836583,3.382965
9303503,-4.132606,9.304651,6.5228357
9303513,-7.99697,6.2725563,-6.927594
9303523,-2.5950036,-7.0509377,-12.445719
9303532,-3.4799633,-16.611855,5.4259167
9303542,-7.946675,-16.061,9.326206
9303552,-9.341774,-13.669574,15.996335
9303562,-3.6045043,-5.1313295,7.5359287
9303572,-0.07903565,5.604346,1.3651612
9303582,-1.9495459,-10.207573,0.38799316
9303592,-10.468631,-19.885847,10.534493
9303601,-6.285729,1.2597803,6.2246556
9303611,-4.1781116,-19.11465,-6.72282
9303621,-8.26641,-34.44517,6.2174706
9303631,-3.5506165,-21.327648,2.5938063
9303641,-1.4262341,-5.3480787,0.7699988
9303651,-4.477489,0.0742456,-5.5540504
9303661,-3.942202,7.4952135,2.6680517
9303670,-8.392148,0.05029541,-2.7854078
9303680,-6.41506,0.35326537,-6.365962
9303690,-5.6486535,0.07783814,-2.7638526
9303700,-6.793473,-4.1757164,-7.195836
9303710,-7.056925,-11.933185,-4.7469287
9303720,-8.131091,-9.946516,1.1567944
9303730,-7.5838294,-5.9420433,-2.77463
9303740,-7.3563023,-6.1743603,-3.8655615
9303749,-8.599318,-6.795868,-3.1494508
9303759,-8.432864,-6.795868,-3.0979578
9303769,-7.397018,-7.6484947,-3.5350487
9303779,-6.357579,-8.760982,-4.2020617
9303789,-5.52052,-10.262659,-4.411626
9303799,-4.9085927,-12.393028,-4.973258
9303809,-4.2763076,-13.880336,-5.518125
9303818,-4.5050316,-13.240866,-6.1444225
9303828,-4.482279,-10.587184,-6.3360243
9303838,-4.599635,-8.890312,-6.4737377
9303848,-5.027146,-7.164701,-5.5289025
9303858,-5.4953723,-6.5863037,-5.102589
9303868,-5.669011,-7.0341725,-4.9648757
9303878,-5.7145166,-7.5191636,-4.5565248
9303887,-5.118157,-7.4077954,-5.2846107
9303897,-4.5936475,-7.1048255,-6.165978
9303907,-3.9170544,-6.9383717,-7.113208
9303917,-3.422483,-6.817423,-7.340735
9303927,-3.4164953,-6.3060865,-6.5695386
9303942,-3.9996827,-5.645061,-5.981561
9303952,-4.798422,-5.661826,-6.114485
9303962,-5.435497,-6.6425867,-6.7144375
9303972,-5.598358,-7.5586815,-6.852151
9303981,-4.9936156,-7.975415,-6.4018874
9303991,-4.247567,-7.8664417,-6.170768
9304001,-4.078718,-7.459288,-5.20797
9304011,-4.1218286,-7.012617,-4.646338
9304021,-4.126619,-6.667734,-4.439169
9304031,-4.437971,-6.4006896,-4.9289503
9304041,-4.221222,-7.0976405,-6.411467
9304050,-4.1589513,-8.026908,-7.771838
9304060,-4.3385777,-8.436457,-6.319259
9304070,-4.3206153,-8.399334,-5.7384667
9304080,-4.4595265,-7.99697,-5.6091356
9304090,-4.3685155,-7.7107654,-5.2139573
9304100,-4.254752,-7.625742,-5.6091356
9304110,-3.5362463,-8.410111,-5.1780324
9304119,-3.7781434,-8.505912,-6.388715
9304129,-4.8331494,-8.996891,-6.9048414
9304139,-4.7912364,-7.899972,-6.2402234
9304149,-5.1720448,-5.540878,-4.893025
9304159,-5.9635987,-3.913462,-3.0416749
9304169,-9.0004835,-2.7267296,0.70653075
9304179,-6.534811,-3.241659,-3.98651
9304189,-5.372029,-3.8140686,-7.884404
9304198,-5.454657,-4.5457473,-8.023315
9304208,-5.1456995,-6.285729,-6.9335814
9304218,-5.0989966,-7.0078273,-6.148015
9304228,-5.5995555,-8.125104,-4.7397437
9304238,-6.074967,-7.4832387,-5.1552796
9304248,-6.9623218,-7.1191955,-7.9814024
9304258,-6.8186207,-6.046227,-7.4461155
9304267,-5.7923546,-5.170847,-8.079598
9304277,-4.8894324,-5.1935997,-6.894064
9304287,-4.0583606,-6.072572,-5.0798364
9304297,-4.1541615,-7.5131764,-4.768484
9304307,-4.963678,-8.474776,-5.070256
9304317,-5.586383,-7.3826475,-5.413942
9304327,-4.987628,-6.211483,-6.319259
9304336,-5.606741,-4.4343786,-9.062754
9304346,-6.5839086,-4.317023,-6.7276096
9304356,-5.716912,-6.070177,-6.5216384
9304366,-4.7912364,-7.5047936,-4.749324
9304376,-4.1685314,-8.3191,-5.4726195
9304386,-4.5541296,-9.260343,-7.2365513
9304396,-6.4186525,-12.111614,-1.3184582
9304406,-8.448431,-10.720107,6.3048887
9304415,-7.310797,-7.946675,-3.4512231
9304425,-8.365803,-8.309521,-5.889353
9304435,-6.6090565,-5.965994,-6.0570045
9304445,-5.4810023,-4.4511437,-4.721781
9304455,-5.6151233,-5.7923546,-3.930227
9304465,-5.667814,-7.8173437,-3.8332288
9304475,-6.349197,-9.126222,-3.0057495
9304484,-6.939569,-9.419612,-2.0800745
9304494,-6.8162255,-9.101074,-3.5242712
9304504,-5.50136,-8.36221,-4.388873
9304514,-5.6007533,-6.531218,-5.931266
9304524,-6.6641417,-8.388556,-2.4884253
9304534,-5.8438478,-7.501201,-0.017962646
9304544,-5.691764,-7.749086,-1.2430152
9304553,-5.142107,-7.885602,-2.074087
9304563,-5.5265074,-7.266489,-2.0309765
9304573,-5.659431,-6.7132397,-1.5184424
9304583,-5.684579,-6.4545774,-2.0704944
9304593,-5.621111,-6.133645,-2.2417383
9304603,-5.522915,-6.7312026,-2.0561242
9304613,-5.825885,-7.7622585,-1.3471985
9304622,-6.2150755,-8.478369,-0.39996827
9304632,-5.8079224,-8.946595,-0.07783814
9304642,-5.612728,-8.913065,-0.16286133
9304652,-5.4235215,-8.58854,-0.44667113
9304662,-5.16486,-8.049661,-0.8143066
9304678,-5.20797,-7.4784484,-0.7388635
9304688,-5.660629,-6.786288,-0.18681152
9304697,-6.5048733,-6.4713426,1.2370276
9304707,-7.2006264,-6.8018556,2.6788294
9304717,-6.6964746,-6.8725085,3.6116896
9304727,-5.9073157,-7.2413416,3.9218445
9304737,-5.1995873,-7.03058,3.8631666
9304747,-4.623585,-6.3503942,3.6943176
9304757,-5.2187476,-4.9624805,3.0129347
9304766,-6.4940953,-4.575685,3.913462
9304776,-5.581593,-4.5517344,2.283651
9304786,-4.3936634,-3.8811293,1.6896863
9304796,-5.4402866,-4.5217967,3.5134935
9304806,-5.774392,-4.797224,0.34248778
9304816,-6.3611717,-4.317023,6.9539394
9304826,-1.1352392,2.6045837,8.248447
9304836,-14.246774,-17.610579,11.294912
9304845,-6.8341885,-9.599238,-1.8717078
9304855,-8.8484,-13.17141,6.638994
9304865,-5.367239,-5.20318,5.8246875
9304875,-3.7242553,-2.9255164,0.032332763
9304885,-2.77463,-0.735271,2.838098
9304895,-5.742059,1.1412268,-1.8561401
9304905,-3.2680042,1.8609302,2.46208
9304914,-2.0692968,-4.6547203,-10.190808
9304924,-10.671009,-11.266171,-1.4238391
9304934,-17.013021,-2.15911,21.286934
9304944,-14.121036,8.689131,-5.8151073
9304954,-7.33834,9.5070305,-1.3280383
9304964,-0.82747924,2.6405091,-9.625584
9304974,0.6430628,-0.9627979,-1.7387842
9304983,-1.3867164,-14.619199,12.001443
9304993,-4.214037,-11.165581,-1.7495618
9305003,-5.0475035,-14.72458,0.66701293
9305013,-4.390071,-10.241103,-7.6975927
9305023,-8.078401,-19.210451,-5.948031
9305033,-9.742939,-13.437257,0.38320312
9305043,-6.460565,-12.798985,-11.039843
9305053,-4.536167,-9.52619,-0.26584718
9305062,-4.2200246,-14.907799,-3.6847374
9305072,-5.478607,-9.147778,-3.5506165
9305082,-3.1183155,-9.75731,-9.442365
9305092,-1.465752,-9.672286,-6.3982944
9305102,-2.699187,-6.4964905,-8.020921
9305112,-2.757865,-7.394623,-9.129814
9305122,-4.3230104,-5.273833,-5.973179
9305131,-5.3193383,-3.473976,-4.827162
9305141,-5.4558544,-5.7193065,-9.427995
9305151,-6.3923073,-8.120314,-10.326127
9305161,-6.8952613,-10.445878,-8.983718
9305171,-5.9420433,-13.982124,-8.086783
9305181,-5.6642213,-15.401173,-3.8092785
9305191,-4.113446,-14.10427,-1.5471826
9305200,-1.9483484,-12.274475,-2.7686427
9305210,-0.7975415,-9.736952,-3.9709425
9305220,-0.9663904,-6.9994445,-5.4462743
9305230,-2.523153,-4.9936156,-6.7192273
9305244,-3.4943335,-4.1948767,-8.31431
9305254,-4.174519,-4.237987,-8.878338
9305264,-4.454736,-5.845045,-9.499845
9305274,-4.4319835,-7.3682775,-9.43518
9305284,-4.2092466,-8.477172,-7.306007
9305294,-3.3578174,-9.272318,-6.8796935
9305303,-2.7818153,-10.237511,-7.2006264
9305313,-2.5554857,-9.029223,-2.9794042
9305323,-5.3133507,-10.565629,6.7803
9305333,-7.3539076,-10.164463,7.298822
9305343,-6.7970653,-9.230405,-3.5877392
9305353,-7.6389146,-5.750442,-9.948911
9305363,-8.36221,-1.5867004,-9.966874
9305372,-7.0820727,-2.1806653,-12.290043
9305382,-5.1121693,-5.264253,-10.011182
9305392,-3.441643,-8.369396,-6.412665
9305402,-2.274071,-8.696316,-5.653444
9305412,-2.999762,-8.522677,-8.071216
9305422,-4.233197,-5.9061184,-6.532416
9305432,-5.795947,-3.66917,-7.164701
9305442,-6.4869103,-2.5195606,-7.3982153
9305451,-6.301296,-3.3578174,-7.6808276
9305461,-5.334906,-5.9851537,-7.0796776
9305471,-4.538562,-7.8496766,-5.7205043
9305481,-4.1050634,-8.692723,-5.4187317
9305491,-4.059558,-8.969348,-5.80433
9305501,-4.467909,-8.159832,-4.8894324
9305511,-4.926555,-6.476133,-6.163583
9305520,-4.9133825,-5.0750465,-7.477251
9305530,-4.169729,-4.677473,-5.0558863
9305540,-3.202141,-5.1229467,-6.7527575
9305550,-2.5207582,-5.981561,-5.7121215
9305560,-2.567461,-6.051017,-4.1864944
9305570,-2.6045837,-5.043911,-1.223855
9305580,-3.6643798,-7.2640944,-11.3499975
9305589,-3.8631666,-6.2797413,-0.9029224
9305599,-6.2893214,-6.156398,-7.6149645
9305609,-6.7575474,-8.037685,-8.582553
9305619,-5.100194,-8.66518,-5.4235215
9305629,-4.7457314,-8.695118,-5.0918117
9305639,-4.4906616,-7.818541,-5.669011
9305649,-4.4643164,-6.0593996,-7.228169
9305658,-4.0020776,-4.763694,-5.6977515
9305668,-3.473976,-5.7528367,-9.043593
9305678,-3.866759,-6.6078587,-8.109536
9305688,-5.015171,-6.558761,-6.892866
9305698,-5.891748,-6.43901,-6.3815293
9305708,-5.386399,-6.3204565,-6.2893214
9305718,-4.693041,-6.9826794,-6.3695545
9305728,-4.660708,-6.484515,-7.68442
9305737,-4.57329,-6.3300366,-7.397018
9305747,-4.975653,-6.795868,-7.0641103
9305757,-5.0642686,-7.7921963,-7.732321
9305767,-5.0355287,-7.6640625,-6.907236
9305777,-5.3432884,-7.167096,-6.6090565
9305787,-5.640271,-6.2306433,-6.873706
9305797,-5.669011,-5.5612354,-7.745493
9305806,-5.4271145,-5.8785753,-7.6401124
9305819,-5.140909,-5.9588084,-7.3131924
9305829,-5.2283278,-6.251001,-5.5444703
9305839,-4.90979,-5.8474402,-3.434458
9305849,-4.9457154,-4.6128078,5.330116
9305859,-4.0631504,-5.019961,-7.5598793
9305869,-3.373385,-6.598279,-7.491621
9305878,-4.1397915,-6.1528053,-2.938689
9305888,-6.910829,-6.7803,-8.771759
9305898,-9.746532,-7.5275464,-8.826844
9305908,-10.705737,-7.6425076,-9.611214
9305918,-10.448273,-8.322693,-10.956017
9305928,-9.078321,-8.052055,-9.49745
9305938,-6.8892736,-7.1934414,-8.655601
9305947,-4.531377,-6.70845,-7.676038
9305957,-2.7087672,-6.197113,-5.767207
9305967,-2.4081922,-6.3432093,-4.749324
9305977,-2.957849,-7.156318,-4.907395
9305987,-4.174519,-7.486831,-3.9362147
9305997,-5.9683886,-8.127499,-4.6152024
9306007,-7.085665,-8.601712,-7.0712953
9306017,-7.012617,-7.8233314,-8.642428
9306026,-6.597081,-7.2161937,-12.341536
9306036,-6.627019,-7.728728,-13.716277
9306046,-6.268964,-3.781736,-10.424322
9306056,-6.182743,-3.4608033,-13.741425
9306066,-4.8379393,-1.7818946,-12.721147
9306076,-4.785249,-0.9831555,-8.784931
9306086,-2.6464965,-5.22713,-3.8440063
9306095,-3.8523889,-9.82437,-0.66940796
9306105,-3.7038977,-9.359736,9.262738
9306115,-3.859574,-9.377699,9.305848
9306125,-3.2117212,-5.2415004,3.0859826
9306135,-4.2511597,-2.46208,1.2861255
9306145,-6.253396,-2.6117687,-2.088457
9306155,-6.5216384,-5.076244,-4.2391844
9306164,-5.8294773,-7.707173,-4.2571473
9306174,-5.6151233,-8.82924,-2.645299
9306184,-4.8355446,-7.260502,-2.9171338
9306194,-3.8464015,-6.7036595,-6.2653713
9306208,-3.3913476,-5.5803957,-9.299861
9306218,-2.3614893,-4.0415955,-9.495055
9306228,-2.2022204,-0.68018556,-11.977492
9306238,-3.570974,-1.0466236,-15.447876
9306248,-5.5468655,-4.4319835,-16.700472
9306258,-7.9287124,-7.5347314,-17.25851
9306268,-8.392148,-11.153606,-19.876266
9306277,-7.66047,-13.283976,-15.148499
9306287,-5.9121056,-11.154803,-12.381054
9306297,-3.9529798,-6.3444066,-10.75723
9306307,-2.9171338,-2.0249891,-4.675078
9306317,-3.2081287,-0.8825647,-2.7255323
9306327,-3.3039293,-5.7827744,-4.0739284
9306337,-3.9589672,-11.772718,-6.0809546
9306346,-4.728966,-12.855268,-1.4477893
9306356,-5.459447,-10.503358,1.9327807
9306366,-4.4691067,-9.369316,-2.5758436
9306376,-4.2367897,-4.252357,-0.8705896
9306386,-5.508545,-2.9698243,-5.8498354
9306396,-4.997208,-4.1876917,-5.8510327
9306406,-4.8163843,-6.683302,-5.4905825
9306415,-4.4271936,-8.29515,-4.9361353
9306425,-3.7589831,-9.005274,-5.388794
9306435,-3.3182995,-8.590935,-5.924081
9306445,-3.5973194,-6.7767076,-6.4737377
9306455,-3.925437,-4.435576,-6.072572
9306465,-4.6128078,-3.8775365,-6.900051
9306475,-4.970863,-4.4271936,-6.915619
9306484,-5.478607,-4.836742,-9.358539
9306494,-6.1049047,-3.547024,-10.542876
9306504,-5.974376,-4.240382,-10.065069
9306514,-7.232959,-3.2452514,-9.008866
9306524,-7.0413575,-4.261937,-9.893826
9306534,-8.693921,-6.321654,-12.285253
9306544,-7.865244,-7.4221654,-11.317665
9306554,-5.830675,-7.223379,-11.262579
9306563,-4.536167,-5.7073317,-11.975098
9306573,-4.1218286,-4.0978785,-11.982283
9306583,-3.979325,-4.590055,-10.42552
9306593,-4.805607,-6.321654,-8.819659
9306603,-5.886958,-5.6642213,-4.2296047
9306613,-4.533772,-4.87626,-2.1567152
9306623,-2.393822,-8.753797,1.9974463
9306632,-0.53528684,-9.948911,0.5173242
9306642,-1.2741504,-5.2331176,-1.4681469
9306652,-3.6823425,-3.5757642,-3.7553906
9306662,-5.8737855,-6.5791187,-3.676355
9306672,-6.5791187,-9.5214,-5.1480947
9306682,-6.605464,-10.375225,-5.910908
9306695,-6.3132715,-9.747729,-6.9707046
9306705,-5.6749988,-8.175399,-7.235354
9306715,-4.940925,-6.547983,-6.979087
9306725,-3.6847374,-5.7384667,-7.61257
9306735,-2.8464806,-5.874983,-7.4485106
9306744,-2.6225464,-6.14083,-7.291637
9306754,-2.838098,-6.6162415,-6.446195
9306764,-3.317102,-7.2018237,-6.852151
9306774,-4.2571473,-7.442523,-6.7383876
9306784,-5.3049684,-6.9778895,-6.822213
9306794,-5.908513,-5.8905506,-8.849597
9306804,-5.3612514,-7.5203614,-7.0700974
9306813,-5.836663,-5.7947497,-8.90109
9306823,-4.877457,-4.988826,-10.581196
9306833,-5.6103334,-3.8954992,-8.823252
9306843,-5.151687,-5.4953723,-8.801697
9306853,-5.6259007,-6.724017,-7.914342
9306863,-5.243895,-7.36229,-8.04487
9306873,-5.5636306,-6.270161,-6.4258375
9306883,-6.0342517,-4.0260277,-5.429509
9306892,-5.7444544,-2.269281,-5.004393
9306902,-5.649851,-2.6117687,-3.878734
9306912,-5.670209,-5.1720448,-4.60682
9306922,-5.654641,-6.964717,-5.3528686
9306932,-5.7384667,-7.6556797,-5.7684045
9306942,-6.1049047,-6.8234105,-5.109774
9306952,-5.649851,-6.2234583,-6.0079064
9306961,-5.649851,-5.4019666,-5.3624487
9306971,-5.5265074,-5.8270826,-5.003196
9306981,-5.628296,-6.468948,-4.2020617
9306991,-6.715635,-5.0822315,0.62989014
9307001,-4.3517504,-6.321654,2.6608667
9307011,-5.043911,-11.376343,2.242936
9307021,-6.0617943,-11.425441,2.0968397
9307030,-6.9587293,-10.609937,-0.9089099
9307040,-5.405559,-10.427915,-8.489147
9307050,-7.411388,-8.822055,-13.2564335
9307060,-9.266331,-6.4078746,-12.013418
9307070,-7.218589,-5.811515,-11.995456
9307080,-5.4881873,-6.427035,-10.080637
9307090,-4.7385464,-7.6940002,-7.340735
9307099,-4.6738806,-8.503517,-5.252278
9307109,-4.787644,-8.793314,-3.6823425
9307119,-4.2906775,-9.356144,-3.182981
9307129,-3.8020935,-9.235195,-2.5447083
9307139,-3.793711,-8.604108,-2.5554857
9307149,-4.140989,-7.533534,-2.7291248
9307159,-5.3456836,-6.4258375,-1.5567627
9307169,-7.3658824,-5.357659,1.5040723
9307178,-7.09285,-6.40548,1.6429834
9307188,-8.032895,-8.479567,1.0897338
9307198,-3.3326697,-10.376422,2.1076171
9307208,-5.9276733,-13.432467,5.043911
9307218,-5.9121056,-15.049106,-5.1289344
9307228,-6.4066772,-10.5201235,-8.473579
9307238,-6.4030848,-5.0019984,-1.5711328
9307247,-6.363567,-3.9577699,-4.461921
9307257,-8.499925,-5.9612036,6.0390415
9307267,-3.742218,-3.0548475,2.9614418
9307277,-4.4271936,-2.6153612,3.2847693
9307287,-6.2426186,-2.762655,2.0920496
9307297,-5.884563,-3.05365,2.459685
9307307,-5.4331017,-4.0906935,3.9481897
9307316,-8.017328,-10.054292,-5.748047
9307326,-8.58375,-10.594369,13.145064
9307336,-2.7830126,-7.714358,-4.4571314
9307346,-6.427035,-14.522201,1.7160316
9307356,-9.441167,-13.606106,7.298822
9307366,-6.868916,-8.695118,-2.3722668
9307376,-6.8162255,0.49576905,-0.30776
9307386,-4.758904,0.15088624,-3.1374755
9307395,-3.6595898,6.3228517,6.659352
9307405,-2.5602758,4.6175976,-1.0741663
9307415,-3.5817518,-3.1434631,-1.9878662
9307425,-8.757389,-8.866363,0.63587767
9307435,-10.875784,-10.910511,0.66701293
9307445,-10.800341,-8.709489,0.29099488
9307455,-8.441246,-6.243816,18.447638
9307464,-13.377381,-3.8943017,5.301376
9307474,-5.166057,-2.9303064,-19.558928
9307484,-3.8428087,-0.35087037,-1.5962806
9307494,-3.8475988,7.96823,-0.27782226
9307504,-2.757865,3.1997461,3.0273046
9307514,-4.8918276,-6.0737696,1.9064355
9307524,-7.05453,-14.73416,5.054689
9307533,-7.232959,-19.430794,9.200467
9307543,-10.285412,-17.91355,10.863809
9307553,-8.04487,-5.821095,-12.452904
9307563,-2.0525317,-0.0981958,-0.067060545
9307573,-2.2345533,-2.0357666,-3.800896
9307583,-4.5050316,-11.04583,3.0871801
9307593,-5.364844,-16.801062,4.1373963
9307603,-5.3384986,-16.260984,5.1385145
9307612,-4.4643164,-7.773036,4.0008802
9307622,-2.6728418,-3.9625597,3.2644117
9307632,-5.3408937,-3.2799792,-5.264253
9307642,-5.6893687,-4.381688,-1.8693128
9307652,-5.245093,-5.2247353,-2.3710694
9307662,-4.1314087,-9.686657,-7.9442797
9307672,-4.5601172,-9.553733,-2.955454
9307681,-5.2343154,-8.200547,-4.0248303
9307691,-6.3527894,-10.290201,-6.324049
9307701,-6.149213,-11.8493595,-6.016289
9307711,-7.1898484,-9.299861,-3.1482532
9307721,-7.812554,-8.592133,-3.5805542
9307731,-7.7538757,-8.369396,-5.583988
9307741,-7.205416,-7.926317,-4.6152024
9307750,-6.227051,-7.9766126,-5.3408937
9307760,-5.8103175,-7.7886033,-4.787644
9307770,-5.51094,-7.8616514,-4.2595425
9307787,-5.6881714,-7.36229,-4.6415477
9307797,-5.698949,-7.5682616,-5.358856
9307807,-5.7863674,-7.5682616,-5.8318725
9307817,-5.846243,-8.023315,-5.6007533
9307827,-5.9588084,-7.6341248,-4.27511
9307836,-5.9683886,-7.0964427,-3.6045043
9307846,-5.6079383,-7.181466,-3.6200721
9307856,-4.748126,-7.317982,-3.6416273
9307866,-3.9649549,-6.9946547,-3.6236646
9307876,-3.4715807,-7.098838,-4.0020776
9307886,-3.2236962,-7.1730833,-4.4439588
9307896,-3.2560291,-6.7599425,-4.9696655
9307905,-3.4332604,-6.6557593,-6.2617784
9307915,-3.8847218,-6.890471,-7.423363
9307925,-4.091891,-6.5228357,-7.8963795
9307935,-4.240382,-6.47733,-7.7933936
9307945,-3.8727465,-6.8114357,-8.089178
9307955,-3.4488282,-7.3191795,-8.340655
9307965,-3.185376,-8.274793,-8.850795
9307975,-3.2763867,-9.251961,-8.510702
9307984,-3.8895118,-9.429192,-6.2486057
9307994,-4.7110033,-8.731044,-3.8092785
9308004,-5.4510646,-7.094048,-2.6369164
9308014,-5.3049684,-5.533693,-2.9566517
9308024,-4.3074427,-4.6152024,-5.5875807
9308034,-3.6643798,-4.8475194,-6.079757
9308044,-3.0907726,-4.9780483,-4.5613146
9308053,-2.5399182,-6.0713744,-8.560997
9308063,-2.2285657,-6.285729,-9.163344
9308073,-2.4956102,-6.1695704,-9.583671
9308083,-3.6033068,-6.300099,-9.092691
9308093,-4.93374,-7.692803,-7.7419004
9308103,-5.5684204,-8.641231,-6.7479677
9308113,-5.5312977,-8.537047,-6.018684
9308122,-4.30864,-7.140751,-8.697514
9308132,-3.7362304,-4.216432,-9.760902
9308142,-3.6368372,-3.3793726,-2.9961693
9308152,-6.365962,-5.581593,-4.6595106
9308162,-7.728728,-8.769364,-5.4271145
9308172,-6.988667,-7.701185,-3.102748
9308182,-5.459447,-6.0174866,-6.2102857
9308191,-3.6045043,-7.9814024,-10.145303
9308201,-2.586621,-5.811515,-4.461921
9308211,-2.6464965,-3.9218445,-3.6428246
9308221,-2.2129982,-2.9758117,-3.2787817
9308231,-3.011737,-3.2871642,-6.16478
9308241,-4.106261,-3.5829492,-8.582553
9308251,-5.435497,-4.429589,-12.366683
9308260,-8.0305,-5.6007533,-13.019326
9308270,-11.338022,-4.9289503,-16.476538
9308280,-11.852952,-7.7742333,-19.43678
9308290,-10.79555,-9.636361,-11.236234
9308300,-8.475974,-9.513018,-9.061557
9308310,-4.9229627,-6.7036595,-6.546786
9308320,-1.9746937,-3.251239,-10.030342
9308330,-1.343606,-0.5484595,-9.031619
9308339,-2.7231371,-1.2466077,-9.837543
9308349,-4.9948134,-5.180427,-6.8964586
9308359,-6.101312,-9.126222,-5.6738014
9308369,-6.1851377,-10.585986,1.2082874
9308379,-3.0009594,-12.650494,8.196955
9308389,-1.0274634,-14.069542,0.39517823
9308399,-2.0824695,-7.904762,1.9184107
9308408,-5.562433,-1.7675244,0.42751098
9308418,-7.491621,-1.1292517,-2.9722192
9308428,-6.582711,-3.8392162,-4.3278003
9308438,-5.3947816,-7.294032,-5.0798364
9308448,-4.813989,-8.799302,-3.3889527
9308458,-4.2104445,-7.411388,-6.40548
9308468,-4.423601,-5.2283278,-6.2989016
9308477,-4.691843,-3.6380346,-16.068186
9308487,-7.2389464,1.3903089,-14.301859
9308497,-7.6329274,0.9915381,-19.800823
9308507,-8.352631,-8.284372,-20.61992
9308517,-5.868995,-12.795392,-11.879297
9308527,-4.2906775,-13.001364,-10.465038
9308537,-4.748126,-8.619676,-11.081756
9308547,-4.848717,-3.2428565,-7.994575
9308556,-5.2630553,0.12573853,-4.2667274
9308566,-4.336183,-5.83786,-3.998485
9308576,-4.572092,-8.982521,-7.294032
9308586,-4.7457314,-7.850874,0.13771363
9308596,-3.4021254,-11.785892,4.446354
9308606,-0.92208254,-9.624386,2.015409
9308616,-1.0442286,-3.4440382,-1.7794995
9308625,-2.9039612,-1.8333875,-7.436536
9308635,-4.2727146,-3.937412,-7.6496925
9308645,-4.8666797,-6.70845,-7.96823
9308655,-4.975653,-8.0436735,-6.1935205
9308665,-4.3457627,-8.235274,-5.6582336
9308675,-4.31822,-7.732321,-6.205496
9308685,-4.436774,-6.307284,-5.6797886
9308694,-4.127816,-5.886958,-6.9060388
9308704,-4.540957,-5.7528367,-7.500004
9308714,-4.094286,-5.419929,-5.999524
9308724,-3.5410364,-4.8810496,-7.938292
9308734,-3.810476,-7.052135,-9.541758
9308744,-6.324049,-6.4438,-12.151132
9308754,-6.988667,-5.572013,-13.266013
9308764,-7.4832387,-6.8138304,-11.067386
9308781,-6.484515,-8.419691,-8.370593
9308791,-5.5696177,-8.590935,-5.494175
9308801,-5.0870214,-8.093968,-4.949308
9308811,-4.4032435,-7.4736586,-5.701344
9308821,-4.0020776,-5.964796,-4.770879
9308830,-4.604425,-3.8811293,-2.7399023
9308840,-5.085824,-2.6860144,-3.8236487
9308850,-4.819977,-4.364923,-5.277426
9308860,-5.3923864,-7.211404,-5.146897
9308870,-6.253396,-8.29515,-4.819977
9308880,-6.431825,-8.152646,-4.3134303
9308890,-6.829398,-6.5300207,-1.5615528
9308899,-6.070177,-5.557643,0.43110353
9308909,-4.2032595,-8.551417,2.3064039
9308919,-5.661826,-9.334589,2.9327013
9308929,-7.653285,-9.313033,2.926714
9308939,-6.8473606,-8.813672,-2.098037
9308949,-6.6964746,-8.851993,-6.941964
9308959,-8.146659,-8.623268,-8.037685
9308969,-8.599318,-7.6472974,-6.4713426
9308978,-7.3419323,-7.785011,-6.441405
9308988,-6.0905347,-8.425678,-6.1120896
9308998,-5.932463,-9.496252,-5.619913
9309008,-6.500083,-10.291399,-5.26066
9309018,-6.5839086,-10.266252,-4.0248303
9309028,-5.5696177,-9.344169,-2.7961853
9309038,-4.6319675,-8.533455,-1.4358143
9309047,-3.9026842,-8.989706,-1.5555652
9309057,-4.5852647,-9.6830635,-0.39517823
9309067,-8.468789,-9.909393,0.76760375
9309077,-7.6880126,-10.785971,1.0837463
9309087,-5.410349,-9.277108,1.1232642
9309097,-5.2822156,-7.3658824,-0.6586304
9309107,-3.1398706,-1.4549744,0.7232959
9309116,-3.8068836,1.165177,0.8202942
9309126,-3.9733374,0.7699988,-7.6053843
9309136,-11.1392355,-11.219469,8.311915
9309146,5.1876125,3.7122803,5.039121
9309156,-9.211246,-12.336745,6.5036755
9309166,-7.9059596,-6.0426345,3.8775365
9309176,-4.240382,-0.20597167,3.129093
9309186,-5.154082,-0.62031007,0.95321774
9309195,-1.3855188,5.755232,6.0809546
9309205,-12.02659,-25.141718,-0.674198
9309215,-8.046068,-20.445084,10.497371
9309225,-6.837781,-16.89806,4.2882824
9309235,-7.8796144,-10.257869,0.8238867
9309245,-3.432063,0.9017249,-1.0011182
9309255,-4.6834607,-1.3675561,-1.1843371
9309264,-2.4201672,6.2486057,0.04790039
9309274,-1.4537768,8.731044,2.9638367
9309284,-2.5890162,1.5507752,-5.1313295
9309294,-7.3048096,-4.5349693,8.58854
9309304,-17.674047,-8.258027,-1.8250049
9309314,-7.174281,-15.610737,-8.283175
9309324,-11.419453,-7.274872,5.696554
9309334,-6.412665,3.145858,2.3495142
9309343,-4.204457,5.562433,4.064348
9309353,-8.139474,5.2043777,-0.5161267
9309363,-2.550696,-0.18681152,-15.142511
9309373,-1.6453785,-7.7538757,1.6813037
9309383,-5.2007847,-14.494658,12.703183
9309393,-8.301138,-13.680351,10.615924
9309403,-7.036567,-16.55677,-1.7244141
9309412,0.08981323,3.1614258,4.988826
9309422,-2.3854394,-6.1863356,-2.4417224
9309432,-8.880733,-15.014378,6.0785594
9309442,-7.8820095,-14.240787,14.5365715
9309452,-5.449867,-6.177953,1.4693445
9309462,-0.74485105,-14.475498,1.3639636
9309472,-5.8031325,-19.578087,1.5256275
9309481,-4.658313,-7.1658983,-1.040636
9309491,-0.6885681,-11.542797,-8.614885
9309501,-5.5875807,-13.316309,-1.4429992
9309511,-5.461842,-8.367001,1.5112573
9309521,-4.8870373,-8.29036,-2.1148024
9309531,-7.61257,-7.848479,-5.219945
9309541,-5.7779846,-6.380332,-6.8557434
9309551,-3.4548156,-7.946675,-2.7327173
9309560,-5.555248,-9.659114,-0.92567503
9309570,-7.0329747,-7.9370947,-0.4670288
9309580,-7.33834,-7.098838,-3.7853284
9309590,-7.459288,-3.1650183,-4.27511
9309600,-8.643625,-0.25387207,-5.3121533
9309610,-7.0233946,2.2465284,-6.062992
9309620,-5.933661,0.07664063,-4.5158095
9309629,-6.7120423,-0.7472461,-0.38320312
9309639,-6.771918,-4.733756,-4.2152343
9309649,-6.638994,-10.893746,-5.762417
9309659,-6.688092,-15.841857,-3.1470556
9309669,-5.8474402,-17.543518,0.18920654
9309679,-4.436774,-16.403488,-0.032332763
9309689,-3.554209,-13.840817,-1.5962806
9309699,-3.1698084,-10.617122,-3.7038977
9309708,-3.2919543,-7.9430823,-5.623506
9309718,-3.8092785,-6.2007055,-6.5671434
9309728,-4.176914,-5.464237,-7.0389624
9309738,-4.2487645,-5.2187476,-7.225774
9309748,-4.533772,-5.8570204,-6.9192114
9309758,-4.1805067,-7.004235,-6.4378123
9309768,-3.9924974,-8.0017605,-5.910908
9309777,-4.155359,-8.334668,-4.6427455
9309787,-4.3218126,-8.04487,-4.267925
9309797,-4.176914,-7.5586815,-4.6164002
9309807,-4.1050634,-6.940767,-4.253555
9309817,-4.2104445,-6.6821046,-4.782854
9309827,-4.0020776,-7.213799,-5.9228835
9309837,-3.9829175,-7.555089,-6.5204406
9309846,-3.9338195,-7.5251513,-7.2413416
9309856,-3.9398072,-6.812633,-8.131091
9309866,-4.1517663,-5.8402553,-8.042476
9309885,-3.984115,-5.988746,-7.5778418
9309895,-4.778064,-7.3203773,-3.3039293
9309905,-6.6916847,-9.319021,0.2933899
9309915,-7.579039,-10.566826,-1.3543836
9309925,-6.301296,-9.364527,-5.0570836
9309935,-5.597161,-6.363567,-6.7216225
9309945,-5.5684204,-3.993695,-7.4149804
9309954,-5.379214,-4.637955,-8.020921
9309964,-4.905,-6.45338,-7.7933936
9309974,-4.55892,-8.308323,-6.803053
9309984,-4.805607,-9.375304,-7.2018237
9309994,-4.9529004,-9.301059,-6.5623536
9310004,-4.8990126,-7.4461155,-5.1935997
9310014,-4.9576902,-5.2582655,-4.0667434
9310023,-4.702621,-3.9853125,-4.445156
9310033,-4.6152024,-4.085903,-5.19839
9310043,-4.3936634,-5.2582655,-5.7684045
9310053,-3.9733374,-5.285808,-6.2426186
9310063,-2.931504,-4.277505,-7.7442956
9310073,-3.0524523,-6.9311867,-5.6438637
9310083,-4.867877,-7.418573,-5.132527
9310093,-6.5036755,-8.503517,-5.623506
9310102,-6.8329906,-6.900051,-5.5684204
9310112,-6.6006737,-6.9683094,-6.9096313
9310122,-5.310956,-6.43901,-7.157516
9310132,-3.9805224,-6.342012,-6.773115
9310142,-2.9111462,-7.1191955,-5.882168
9310152,-2.8656409,-7.425758,-6.715635
9310162,-2.9806018,-7.176676,-4.455934
9310171,-4.4008484,-7.380253,-5.7276893
9310181,-5.0008006,-6.5120583,-6.030659
9310191,-5.0918117,-6.9671116,-6.8246083
9310201,-4.799619,-7.7251353,-6.6497717
9310211,-3.8583765,-8.292755,-6.7383876
9310221,-2.877616,-7.538324,-4.6822634
9310231,-2.0585194,-7.8640466,-5.252278
9310240,-3.011737,-7.8089614,1.0250684
9310250,-2.5207582,-1.3627661,-10.350077
9310260,-3.6631823,-6.707252,-5.78038
9310270,-4.827162,-3.9242394,-3.739823
9310280,-6.595884,-7.629335,-10.007589
9310290,-5.9468336,-9.111852,-6.878496
9310300,-4.749324,-10.328522,-6.124065
9310310,-3.8895118,-9.5070305,-5.47741
9310319,-3.8978944,-8.710686,-5.7923546
9310329,-3.598517,-6.2737536,-6.715635
9310339,-4.230802,-5.797145,-8.549023
9310349,-4.6690907,-4.9744554,-6.860533
9310359,-5.4043617,-5.5756054,-6.0222764
9310369,-6.009104,-5.936056,-6.460565
9310379,-6.0689793,-5.774392,-6.175558
9310388,-5.327721,-5.3504734,-6.8629284
9310398,-4.6738806,-6.1767554,-9.19448
9310408,-5.830675,-7.286847,-7.7790236
9310418,-6.4018874,-6.009104,-6.11688
9310428,-6.086942,-7.33834,-7.494016
9310438,-4.9373326,-7.2437367,-7.494016
9310448,-4.5050316,-6.8234105,-7.106023
9310457,-4.4104285,-5.979166,-7.162306
9310467,-5.005591,-5.4235215,-7.012617
9310477,-6.243816,-5.7660093,-3.0644274
9310487,-5.9192905,-6.8317933,-8.020921
9310497,-5.971981,-8.206534,-7.563472
9310507,-5.806725,-6.854546,-5.0307384
9310517,-6.8329906,-5.9049206,0.53169435
9310526,-5.5780005,-4.819977,-2.6860144
9310536,-5.022356,-5.7288866,-5.805527
9310546,-5.116959,-6.1863356,-5.034331
9310556,-5.3923864,-5.2870054,-3.7242553
9310566,-6.9874697,-4.6822634,-2.8788135
9310576,-7.4497085,-4.482279,-6.1743603
9310586,-8.170609,-5.4163365,-7.771838
9310596,-7.8640466,-6.9096313,-10.201586
9310605,-7.7838135,-8.545429,-11.346405
9310615,-7.7933936,-8.861572,-9.172925
9310625,-7.828121,-8.453221,-7.3754625
9310635,-7.0078273,-7.587422,-6.9048414
9310645,-6.051017,-7.077283,-7.66526
9310655,-4.5146117,-6.9311867,-7.340735
9310665,-4.132606,-6.333629,-4.508624
9310674,-4.748126,-6.646179,-4.538562
9310684,-5.447472,-7.108418,-5.550458
9310694,-5.806725,-7.2640944,-7.5191636
9310704,-5.8977356,-5.78996,-14.039604
9310714,-6.9599266,-4.798422,-12.3702755
9310724,-6.6210313,-4.60682,-13.026511
9310734,-7.340735,-6.2246556,-13.543836
9310743,-6.6186366,-5.029541,-8.374186
9310753,-7.1443434,-3.0392797,-3.6655774
9310763,-4.707411,-2.6812243,2.6740394
9310773,-2.7770252,-10.589579,6.8952613
9310783,-2.1195922,-14.42161,9.866283
9310793,-2.5327332,-12.394226,6.3444066
9310803,-5.845045,-6.5108604,5.556445
9310813,-7.61257,-3.5398388,0.45625123
9310822,-7.223379,-3.3578174,-0.6550378
9310832,-6.055807,-5.2870054,-1.9172131
9310842,-4.902605,-6.8305955,-2.3040087
9310852,-3.9601648,-8.235274,-6.5060706
9310862,-2.7399023,-7.1371584,-10.303374
9310872,-3.1638207,-1.7519568,-13.821658
9310882,-1.893263,-0.040715333,-16.162788
9310891,-4.763694,-3.0919702,-16.478931
9310901,-9.504635,-6.604266,-14.618002
9310911,-10.217154,-10.095007,-17.80697
9310921,-6.5994763,-12.340338,-14.862293
9310931,-4.452341,-11.552377,-12.872032
9310941,-2.8692334,-8.152646,-11.928394
9310951,-1.6322058,-3.270399,-13.764177
9310960,-1.7639319,-0.010777588,-11.591894
9310970,-4.878655,0.13172607,-8.522677
9310980,-5.3061657,-5.701344,-1.6765137
9310990,-5.116959,-10.924882,2.142345
9311000,-2.8764184,-12.927118,1.9291883
9311010,-3.150648,-13.083992,-1.8022522
9311020,-3.8440063,-9.447155,-0.015567627
9311029,-3.4847534,-6.338419,1.040636
9311039,-3.6883302,-4.3637257,0.9196875
9311049,-5.294191,-4.0499783,-2.4692652
9311059,-5.437892,-6.829398,-7.052135
9311069,-4.982838,-8.353828,-6.4306273
9311079,-5.261858,-7.931107,-4.475094
9311089,-5.5241127,-5.053491,-6.1420274
9311099,-4.8080015,-5.1672544,-12.917538
9311108,-5.435497,-2.4405248,-12.927118
9311118,-5.974376,2.6177564,-14.608421
9311128,-5.9073157,0.6550378,-12.142749
9311138,-7.508386,-6.270161,-14.892231
9311148,-6.8725085,-11.826607,-12.094849
9311158,-5.358856,-13.839621,-9.619596
9311168,-4.423601,-11.491303,-12.072096
9311177,-5.5540504,-5.1780324,-10.042316
9311187,-5.395979,0.6873706,-3.9924974
9311197,-3.3805702,-3.822451,-6.15041
9311207,-2.8692334,-9.741742,-2.1794677
9311217,-3.5122962,-12.624148,4.6619053
9311227,-2.5363257,-8.113129,1.4322217
9311237,-3.5973194,-3.9613624,-1.1759546
9311247,-3.7673657,-2.8740234,-3.0979578
9311256,-4.526587,-5.4893847,-4.912185
9311266,-5.1600695,-7.3491173,-5.8785753
9311276,-5.5468655,-8.996891,-6.1911254
9311286,-5.053491,-9.170529,-5.6103334
9311296,-4.4715014,-8.390951,-6.595884
9311306,-4.3026524,-6.5048733,-4.9648757
9311316,-4.2439747,-4.367318,-4.6882505
9311325,-4.3589354,-3.509901,-4.9576902
9311335,-4.728966,-5.391189,-4.7133985
9311345,-4.387676,-7.7371106,-11.181149
9311355,-4.982838,-3.6583924,-9.981244
9311365,-4.26074,-1.1807446,-11.67572
9311375,-7.260502,-3.6512072,-12.119996
9311385,-8.8963,-8.600515,-16.702866
9311394,-9.178912,-11.115286,-11.939173
9311404,-7.795789,-10.869796,-11.07936
9311414,-6.373147,-7.516769,-12.468472
9311424,-4.555327,-3.8332288,-10.304571
9311434,-2.450105,-3.7949085,-9.303453
9311444,-2.330354,-3.7098854,-5.2163525
9311454,-1.8118323,-4.797224,3.781736
9311476,-3.7685633,-12.771441,-0.32572266
9311486,-3.8727465,-12.076886,-0.26584718
9311496,-4.254752,-7.582632,-2.499203
9311506,-5.210365,-3.7829332,-3.551814
9311515,-5.5684204,-6.1049047,-3.9901025
9311525,-4.996011,-9.140592,-4.653523
9311535,-4.748126,-9.48308,-4.787644
9311545,-4.4990444,-7.494016,-6.1959157
9311555,-3.5218763,-5.476212,-6.7312026
9311565,-2.7949877,-4.2152343,-6.5551686
9311575,-2.1279747,-4.103866,-7.716753
9311584,-2.3734643,-4.9852333,-7.021
9311594,-2.5411158,-5.8905506,-6.175558
9311604,-3.178191,-6.692882,-6.4330225
9311614,-3.4284704,-6.8868785,-6.2414207
9311624,-4.0823107,-7.1898484,-7.9059596
9311634,-5.4881873,-5.821095,-8.952583
9311644,-6.100115,-4.4667115,-9.831555
9311653,-5.701344,-6.4426026,-7.4006104
9311663,-6.1300526,-8.546627,-11.776311
9311673,-6.3982944,-7.9119473,-8.796906
9311683,-6.827003,-6.1468177,-7.4389305
9311693,-5.7384667,-6.860533,-8.655601
9311703,-4.5146117,-7.129973,-7.0389624
9311713,-4.8235693,-7.0820727,-5.3696337
9311723,-5.0187635,-6.4246397,-5.264253
9311732,-4.8642845,-5.292993,-5.2989807
9311742,-5.245093,-4.30385,-4.8810496
9311752,-5.6390734,-4.5984373,-4.9457154
9311762,-5.542075,-6.0342517,-5.295388
9311772,-5.53968,-7.420968,-4.679868
9311782,-5.498965,-8.040081,-4.198469
9311792,-6.4186525,-6.3599744,-0.85502195
9311801,-4.8103967,-3.9996827,0.8107141
9311811,-3.0332923,-7.5586815,6.274951
9311821,-6.0737696,-10.843451,3.566184
9311831,-7.891589,-7.99697,0.88974977
9311841,-7.1443434,-5.9276733,-2.6680517
9311851,-6.40548,-6.413862,-9.574091
9311861,-9.684261,-7.2976246,-12.499607
9311870,-10.751243,-5.6259007,-9.376501
9311880,-7.259304,-6.030659,-8.817265
9311890,-5.6007533,-7.8161464,-7.36708
9311900,-5.6318884,-9.8519125,-6.8749037
9311910,-6.3539867,-10.534493,-5.5636306
9311920,-6.258186,-10.311756,-4.9540977
9311930,-5.1049843,-9.451944,-5.327721
9311939,-3.9050794,-8.707093,-4.5565248
9311949,-3.6140845,-8.267608,-3.0560448
9311959,-4.26074,-8.287965,-2.0597167
9311969,-4.9361353,-8.537047,-1.9543359
9311979,-5.116959,-8.685538,-1.595083
9311989,-5.144502,-9.116642,-0.80592406
9311999,-5.868995,-8.879535,-1.8226099
9312009,-6.478528,-8.551417,-0.9065149
9312023,-7.884404,-8.013736,-0.732876
9312032,-4.00567,-7.909552,2.5962012
9312042,-5.685776,-9.655521,4.4128237
9312052,-6.5360084,-15.083833,-2.081272
9312062,-4.366121,-13.624068,-3.018922
9312072,-0.7604187,-6.495293,4.8523097
9312082,-7.563472,-9.527388,1.3400134
9312092,-4.3134303,-3.5673816,-0.082628176
9312101,-4.6894484,-2.4884253,3.9781275
9312111,-2.990182,1.4741346,4.212839
9312121,-5.2091675,-2.0489392,7.4724607
9312131,-9.477093,-10.316546,0.38320312
9312141,-7.6149645,-8.235274,11.273357
9312151,-0.0119750975,11.123669,10.715318
9312161,-8.629255,-10.49258,-2.071692
9312170,-15.450271,-13.913866,19.900217
9312180,-13.363011,-17.693207,16.24422
9312190,-1.6226257,-2.757865,-3.817661
9312200,-9.981244,-7.106023,12.807367
9312210,-1.3711487,-6.3348265,2.9770093
9312220,-2.6572742,-3.6440222,-7.7538757
9312230,-6.7850904,6.444998,3.9613624
9312240,-3.2284863,12.718751,0.80472654
9312249,-1.6944764,2.8728259,-0.59516233
9312259,-12.491224,-7.5035963,-2.4177723
9312269,-18.363811,-4.430786,0.09460327
9312279,-11.138039,1.902843,0.27542725
9312289,-8.206534,3.5685792,4.623585
9312299,-6.357579,6.787485,-5.1301317
9312309,1.1160791,0.21195923,-12.230167
9312318,-0.23111938,-2.7890003,13.637241
9312328,-3.133883,-16.488512,-9.958491
9312338,-2.5051904,-12.662468,5.7767873
9312348,-3.9086719,-15.447876,4.794829
9312358,-15.570022,-26.26618,8.917855
9312368,-16.33523,-17.459692,4.5349693
9312378,-3.869154,-5.576803,4.766089
9312388,-0.64066774,-1.0717713,-1.9291883
9312397,0.28740233,6.119275,-0.6658154
9312407,1.3028907,-9.24717,-3.6655774
9312417,-6.114485,-24.487877,2.1974304
9312427,-9.436377,-7.7814183,10.831476
9312437,-13.285173,12.116404,-8.145461
9312447,5.133724,5.764812,-13.689932
9312457,-0.23950195,-11.892469,-21.095331
9312466,-4.6187954,-15.27304,2.1159997
9312476,-8.394544,-19.036812,-2.039359
9312486,-6.7611403,-16.634607,-5.7767873
9312496,-6.441405,-14.467115,-3.36141
9312506,-7.296427,-12.61337,-5.1109715
9312516,-7.219786,-11.747571,-4.360133
9312526,-6.3360243,-9.811197,-3.485951
9312535,-4.956493,-9.174122,-4.491859
9312545,-4.594845,-8.611293,-3.9589672
9312555,-4.4595265,-7.7059755,-2.535128
9312565,-5.0630713,-6.716832,-2.0968397
9312575,-5.4654346,-6.373147,-2.7937903
9312585,-6.077362,-5.9863515,-3.5350487
9312595,-6.0737696,-6.062992,-3.2260914
9312605,-6.2031007,-4.839137,-3.6895275
9312614,-5.8390574,-3.6524048,-3.4081128
9312624,-4.4978466,-3.3230896,-5.4534593
9312634,-4.518204,-3.9913,-5.3504734
9312644,-5.400769,-4.8355446,-5.454657
9312654,-4.8355446,-6.9431615,-4.7469287
9312664,-3.7218604,-9.190887,-3.2177088
9312674,-3.214116,-10.2387085,-2.9865894
9312683,-3.1183155,-10.518926,-3.7517982
9312693,-3.1602283,-10.09381,-4.8990126
9312703,-3.6655774,-9.080716,-6.588699
9312713,-4.7050157,-8.104746,-8.384963
9312728,-5.3205357,-7.0784802,-10.242301
9312738,-5.342091,-5.4019666,-10.605146
9312748,-5.1229467,-3.942202,-10.779983
9312758,-4.3385777,-4.0751257,-11.220667
9312768,-3.7290454,-4.9552956,-10.448273
9312778,-3.6500099,-5.8833656,-9.807605
9312787,-3.6643798,-5.9779687,-9.389674
9312797,-3.8919067,-5.027146,-9.241183
9312807,-4.093088,-4.2272096,-9.5214
9312817,-3.9122643,-4.437971,-10.574011
9312827,-3.6332445,-6.1839404,-10.830278
9312837,-4.1397915,-8.685538,-9.104667
9312847,-4.5134144,-8.853189,-7.726333
9312856,-3.573369,-7.223379,-8.297545
9312866,-3.5554066,-5.3696337,-9.272318
9312876,-4.7553115,-3.1111305,-8.341853
9312886,-5.388794,-1.4334192,-8.087981
9312896,-5.8187,0.009580079,-7.141948
9312906,-5.686974,1.3603711,-7.218589
9312916,-5.4319043,0.38559815,-8.134684
9312925,-5.310956,-2.9853919,-8.298742
9312935,-5.522915,-6.148015,-7.95386
9312945,-5.447472,-6.7288074,-8.2197075
9312955,-5.278623,-5.5827904,-8.889115
9312965,-4.9912205,-5.052294,-8.238867
9312975,-4.9624805,-5.750442,-6.901249
9312985,-5.2091675,-5.5636306,-6.3767395
9312995,-5.264253,-4.963678,-8.153844
9313004,-5.215155,-3.0273046,-8.49274
9313014,-5.1504893,-2.6273365,-9.527388
9313024,-5.8246875,-3.3518298,-9.520203
9313034,-6.373147,-3.5506165,-7.4317455
9313044,-6.6797094,-4.701423,-7.1120105
9313054,-6.7898803,-5.415139,-6.060597
9313064,-6.4162574,-6.098917,-5.973179
9313073,-5.7564297,-7.345525,-6.173163
9313083,-5.586383,-8.8460045,-6.725215
9313093,-5.6318884,-9.074729,-6.206693
9313103,-5.749244,-9.241183,-6.652167
9313113,-5.8474402,-8.758587,-7.325167
9313123,-5.9037232,-7.380253,-7.9981675
9313133,-5.909711,-6.321654,-7.7921963
9313142,-5.9348583,-6.2402234,-7.085665
9313152,-6.1695704,-6.646179,-6.316864
9313162,-6.75156,-7.1383557,-4.5038342
9313172,-6.524033,-8.023315,-2.8476782
9313182,-5.6414685,-8.879535,-1.9818786
9313192,-5.318141,-8.681946,-0.8789722
9313202,-5.1456995,-8.272397,-0.25506958
9313212,-4.834347,-7.677235,0.1472937
9313221,-4.693041,-6.9599266,0.91609496
9313231,-5.7372694,-6.8677187,1.4525794
9313241,-5.908513,-6.3228517,0.7855664
9313251,-5.9959316,-7.3563023,0.010777588
9313261,-6.979087,-10.775193,-0.5340893
9313271,-5.684579,-15.353272,-4.764891
9313281,-5.618716,-15.033538,-2.809358
9313290,-4.975653,-9.793235,2.0752845
9313300,-5.1600695,-8.184979,-0.60234743
9313310,-6.0126967,-3.3985326,6.0641894
9313320,-1.348396,4.6523256,1.348396
9313330,-5.449867,1.7004639,1.22146
9313340,-6.045029,-0.0023950196,5.3073635
9313350,-1.8525476,-0.99992067,1.775907
9313359,-8.856782,-6.516848,7.4125853
9313369,-5.7276893,-11.379935,0.79394895
9313379,-9.001681,-14.105468,8.175399
9313389,-6.2102857,-12.60379,13.378579
9313399,-4.0978785,0.03592529,-7.6664577
9313409,-4.0092626,-0.4897815,-2.6093738
9313419,-3.4117053,0.4394861,-1.2933105
9313428,-5.076244,-0.08023316,3.2476466
9313438,-4.7720766,-3.9386096,8.274793
9313448,-6.9659142,-15.131733,-1.4885046
9313458,-11.626622,-20.090622,-7.380253
9313468,-11.183544,-10.085427,4.749324
9313478,-8.177794,5.8833656,2.7794201
9313488,-1.3855188,8.49274,2.75547
9313498,-3.744613,1.2442126,5.6270986
9313507,-5.1552796,-1.6034656,3.7218604
9313517,-4.1050634,-6.300099,-2.193838
9313527,-2.1615052,-12.319981,2.6009912
9313537,-2.4728577,-10.328522,-4.452341
9313547,-1.8130298,-8.158634,5.19839
9313557,-2.7291248,-12.20023,-0.92328
9313567,-6.871311,-18.51949,1.350791
9313576,-9.382489,-19.646345,1.7818946
9313586,-6.5372057,-10.529703,-0.8190967
9313596,-4.355343,-7.3072047,0.7867639
9313606,-3.913462,-5.8833656,-1.4022839
9313616,-2.7518775,-3.67875,0.21435425
9313626,-3.2105236,-1.8968555,0.19160156
9313636,-3.5362463,-2.379452,-2.13516
9313645,-5.195995,-4.3912683,-3.2715967
9313655,-4.0906935,-8.466394,-4.2152343
9313665,-4.9038024,-9.445957,-6.546786
9313675,-5.0091834,-9.547746,-0.9089099
9313685,-5.6163206,-8.077204,-0.8753796
9313695,-5.854625,-7.4293504,-1.4717395
9313705,-6.3911095,-7.874824,-2.5099804
9313714,-6.805448,-8.729846,-3.4895434
9313724,-6.805448,-9.5070305,-4.0439906
9313734,-6.046227,-10.15608,-4.2655296
9313744,-5.16486,-11.006312,-3.8811293
9313754,-4.1541615,-11.340418,-2.7231371
9313764,-3.7098854,-10.855426,-0.9580078
9313780,-3.4871485,-9.654324,0.66342044
9313790,-3.7194653,-8.122708,0.43349853
9313800,-3.6284547,-7.547904,-1.1951147
9313810,-3.6823425,-7.284452,-3.7697608
9313820,-4.174519,-7.1072206,-5.374424
9313830,-4.687053,-6.854546,-6.331234
9313840,-4.768484,-6.8246083,-7.643705
9313849,-4.6810656,-7.420968,-8.7897215
9313859,-4.557722,-8.061636,-8.249645
9313869,-5.1995873,-8.287965,-6.565946
9313879,-5.7851696,-8.104746,-4.982838
9313889,-5.81391,-7.9358974,-5.457052
9313899,-5.7097263,-7.494016,-5.9839563
9313909,-5.3612514,-6.8701134,-6.1348424
9313918,-4.966073,-6.175558,-6.394702
9313928,-4.340973,-5.6977515,-6.5575633
9313938,-3.9601648,-4.939728,-6.615044
9313948,-3.9625597,-4.3637257,-7.479646
9313958,-4.350553,-3.993695,-8.375383
9313968,-4.728966,-4.463119,-9.168135
9313978,-4.8427296,-5.093009,-9.001681
9313987,-4.678671,-6.098917,-8.584948
9313997,-4.2739124,-7.2976246,-8.267608
9314007,-4.5601172,-7.474856,-6.7312026
9314017,-4.8798523,-7.435338,-5.980364
9314027,-4.8247666,-7.3850427,-5.9588084
9314037,-5.1157618,-7.3826475,-5.635481
9314047,-5.22713,-7.211404,-4.9289503
9314057,-5.2331176,-6.4964905,-4.7325587
9314066,-5.0870214,-5.405559,-5.447472
9314076,-4.763694,-4.423601,-6.581514
9314086,-4.3146276,-4.429589,-7.852072
9314096,-4.021238,-5.0666637,-8.544232
9314106,-4.629573,-6.5443907,-8.722661
9314116,-5.278623,-7.5538917,-7.8784165
9314126,-5.8642054,-7.8592567,-6.946754
9314135,-6.2318406,-8.028106,-6.3527894
9314145,-5.6905665,-7.3586974,-5.955216
9314155,-5.1061816,-5.6318884,-6.2617784
9314165,-4.309838,-3.9924974,-7.5035963
9314175,-3.1410682,-3.2320788,-8.680748
9314185,-1.4034815,-6.983877,-6.085745
9314195,-2.2010229,-10.715318,-2.9865894
9314205,-4.7457314,-11.717633,-3.5218763
9314214,-6.603069,-12.875625,-5.5145326
9314224,-7.1994286,-11.103311,-9.453142
9314234,-5.980364,-7.028185,-13.468392
9314244,-4.998406,-4.2200246,-12.713962
9314254,-3.979325,-3.3769774,-11.812237
9314264,-4.4343786,-4.581672,-10.215956
9314274,-5.16486,-6.7994604,-6.615044
9314283,-5.2702403,-8.915461,-4.2727146
9314293,-5.015171,-10.984757,-3.2081287
9314303,-4.30385,-13.0384865,0.46223876
9314313,-5.2630553,-13.045671,6.3923073
9314323,-7.5371265,-12.357103,3.8452039
9314333,-8.456814,-10.123748,-3.6428246
9314343,-7.6461,-6.5671434,-8.998089
9314352,-5.3037705,-4.230802,-11.199111
9314362,-3.9913,-3.3721876,-8.908276
9314378,-3.7230577,-4.398453,-5.277426
9314388,-5.243895,-7.1946387,0.25267455
9314398,-7.860454,-11.414663,4.380491
9314408,-8.25683,-14.238391,4.9780483
9314418,-6.2174706,-11.597882,2.5147705
9314427,-4.148174,-7.444918,0.5005591
9314437,-3.3769774,-4.5325747,-1.0693762
9314447,-3.5194812,-3.6092944,-2.7913952
9314457,-4.2224193,-4.6247826,-2.4297473
9314467,-5.095404,-7.0389624,0.6813831
9314477,-5.854625,-9.400452,2.3447242
9314487,-6.577921,-8.371791,3.6404297
9314496,-5.7516394,-5.0187635,4.0499783
9314506,-5.542075,-4.1302114,3.98172
9314516,-7.373068,-5.4402866,3.234474
9314526,-8.133487,-8.605305,3.004552
9314536,-6.3456044,-7.237749,4.0044727
9314546,-5.0810337,-2.7422974,4.5888577
9314556,-4.470304,-0.29099488,3.6428246
9314565,-3.5458264,1.1484119,3.5110986
9314575,-5.3049684,0.5903723,4.5349693
9314585,-3.8727465,0.9340576,13.234878
9314595,-5.555248,-2.523153,20.825891
9314605,-9.50224,-12.147539,8.605305
9314615,-2.4788451,-6.4402075,-9.244776
9314625,-8.796906,-18.26442,6.045029
9314635,-7.9837976,-17.163908,2.1088147
9314644,-7.2161937,-6.0031166,4.531377
9314654,-4.174519,6.758745,2.6045837
9314664,-1.783092,9.022038,2.3040087
9314674,-4.7864466,3.2129188,2.8668385
9314684,-8.52627,-12.535532,-17.468075
9314694,-5.588778,-14.826368,7.156318
9314704,-12.694801,0.62390256,2.9243188
9314713,-3.4691858,10.116563,-1.7208215
9314723,-1.7244141,9.754914,-0.92208254
9314733,-7.282057,5.706134,7.369475
9314743,-6.363567,-0.92687255,-8.668774
9314753,-2.8728259,-13.383369,-4.893025
9314763,-6.5228357,-22.538332,8.173004
9314773,-5.579198,-6.239026,4.2152343
9314782,-2.227368,-10.583591,-6.3060865
9314792,-1.9160156,-16.842976,-1.4597644
9314802,-9.24717,-24.433989,-1.7567468
9314812,-5.5217175,-14.42161,1.1064991
9314822,-6.2893214,-14.183306,-2.6321266
9314832,-5.540878,1.4549744,-1.047821
9314842,1.1639795,-0.16645385,-5.5468655
9314852,-2.999762,0.07903565,-6.2078905
9314861,-5.237908,-5.2965856,-10.04112
9314871,-7.195836,-8.84361,-11.213482
9314881,-3.319497,-10.144105,-7.6664577
9314891,-3.121908,-9.823173,-5.237908
9314901,-4.3421702,-8.014933,-4.078718
9314911,-6.388715,-8.426876,-7.1539235
9314921,-7.588619,-9.753717,-8.58375
9314930,-8.178991,-11.28653,-8.697514
9314940,-7.3994126,-13.485157,-7.9837976
9314950,-5.910908,-14.46951,-7.1706886
9314960,-3.6368372,-15.09461,-8.305927
9314970,-1.4645544,-15.8310795,-8.968151
9314980,-0.18082398,-12.577445,-7.282057
9314990,-1.1915222,-9.065149,-5.6558385
9314999,-3.458408,-6.444998,-7.1587133
9315009,-5.447472,-4.103866,-9.679471
9315019,-6.1599903,-2.3004162,-8.754993
9315029,-5.24629,-3.1925611,-10.971584
9315039,-3.6991076,-6.229446,-9.522597
9315049,-2.6033862,-8.292755,-7.332352
9315059,-1.9914588,-11.783496,-8.657995
9315069,-3.497926,-12.763059,-8.007748
9315078,-5.0067883,-5.413942,3.5997143
9315088,-5.9635987,-1.7914746,4.198469
9315098,-5.126539,-1.8896704,-0.42751098
9315114,-4.524192,-3.0728102,0.3676355
9315123,-3.8919067,-3.214116,1.5579602
9315133,-4.4032435,-3.7386255,-2.1710851
9315143,-4.2595425,-6.364764,-1.84656
9315153,-4.3541455,-7.4413257,0.07185058
9315163,-3.8895118,-8.131091,-6.347999
9315173,-3.422483,-6.277346,-11.745175
9315183,-3.739823,-5.7133193,-16.135246
9315192,-8.174202,-7.5742493,-17.844093
9315202,-11.533216,-6.3228517,-15.726895
9315212,-10.157278,-7.2569094,-15.877782
9315222,-8.151449,-10.035131,-12.140354
9315232,-5.410349,-10.468631,-10.617122
9315242,-4.2643323,-7.0724926,-9.489067
9315252,-3.8559813,-3.241659,-10.251881
9315262,-3.9026842,-0.10538086,-10.753637
9315271,-4.9924183,-2.0285816,-10.894944
9315281,-7.08327,-4.88584,-12.558285
9315291,-7.8305163,-7.843689,-10.660232
9315301,-6.0330544,-6.963519,1.169967
9315311,-3.4081128,-11.194322,2.0058289
9315321,-0.8849597,-7.1658983,11.758348
9315331,1.3316308,-8.693921,-2.3614893
9315340,1.0262659,-5.80433,3.422483
9315350,-4.6128078,-3.117118,0.022752685
9315360,-7.509584,-3.0955627,-3.4164953
9315370,-7.3299575,-4.5864625,-4.7612987
9315380,-6.715635,-6.773115,-5.0942063
9315390,-6.1228676,-8.384963,-4.9433203
9315400,-4.3397756,-8.653206,-5.3480787
9315409,-3.942202,-6.0414367,-8.253238
9315419,-2.271676,-4.663103,-14.9377365
9315429,-2.933899,3.1518457,-15.914905
9315440,-7.7299256,1.6417859,-16.919615
9315450,-9.970467,-4.5565248,-23.36581
9315460,-9.032816,-12.976215,-17.780624
9315470,-6.540798,-14.635964,-10.177635
9315480,-5.039121,-12.085269,-10.085427
9315489,-3.4991236,-6.3767395,-11.1392355
9315499,-2.010619,0.23111938,-3.7565882
9315509,-2.374662,-3.3350646,-14.806011
9315519,-3.530259,-4.111051,-0.8262817
9315529,-4.2152343,-7.500004,4.736151
9315539,-2.0537293,-7.294032,8.879535
9315549,-0.1353186,-10.169253,-2.838098
9315558,-0.51971924,-6.0689793,1.3328284
9315568,-5.0642686,-3.7553906,-6.338419
9315578,-7.5598793,-4.0631504,-8.262817
9315588,-7.6856174,-6.7132397,-5.989944
9315598,-7.3072047,-8.889115,-4.0044727
9315608,-6.2965064,-9.365724,-4.0954833
9315618,-5.273833,-8.097561,-3.9529798
9315628,-4.851112,-6.004314,-7.1754785
9315637,-3.5506165,-7.479646,-12.18586
9315647,-4.731361,-2.9494665,-11.230247
9315657,-3.9853125,2.3171813,-13.636044
9315667,-5.618716,1.5543677,-14.885046
9315677,-8.399334,-3.3422499,-16.342415
9315687,-7.9694276,-9.485475,-13.455219
9315697,-6.551576,-11.566747,-7.492819
9315706,-5.5947657,-10.565629,-7.5934095
9315716,-4.198469,-6.6940794,-8.84361
9315726,-3.1087353,-3.2117212,-10.788365
9315736,-2.6297314,-2.4189696,-10.281818
9315746,-3.8392162,-3.9469922,-8.948991
9315756,-5.037924,-5.1768346,-4.198469
9315766,-5.478607,-8.479567,-8.389753
9315775,-6.1683726,-8.727451,-4.240382
9315785,-4.946913,-8.131091,-2.2213807
9315795,-2.9590466,-9.230405,-2.4908204
9315805,-2.2728736,-7.5586815,-3.37099
9315815,-2.4608827,-9.145382,-5.5780005
9315825,-4.228407,-7.516769,-4.4343786
9315835,-6.843768,-5.9001307,-5.6570363
9315845,-7.691605,-5.088219,-6.285729
9315854,-7.08327,-5.3133507,-5.9204884
9315864,-6.1300526,-6.283334,-5.9923387
9315874,-5.898933,-6.7335973,-5.5169277
9315884,-6.427035,-6.929989,-5.979166
9315894,-7.2976246,-7.5395217,-6.805448
9315904,-8.123906,-6.9048414,-6.065387
9315914,-7.780221,-5.180427,-6.270161
9315923,-6.0593996,-3.6200721,-6.910829
9315933,-4.639153,-3.7230577,-7.2557116
9315948,-5.037924,-4.8499146,-8.220904
9315958,-5.748047,-5.6318884,-8.116721
9315968,-5.698949,-6.6210313,-7.804171
9315978,-5.3241286,-7.465276,-7.5443115
9315988,-5.405559,-8.355025,-5.879773
9315998,-5.7276893,-8.26162,-4.805607
9316008,-5.469027,-7.249724,-4.4403663
9316017,-3.9577699,-4.728966,-3.7925134
9316027,-2.858456,-3.857179,-5.140909
9316037,-2.9135413,-4.787644,-5.8079224
9316047,-3.0225146,-5.701344,-6.891669
9316057,-3.018922,-6.268964,-7.235354
9316067,-3.2296839,-6.803053,-6.764733
9316077,-3.0380824,-7.0485425,-7.394623
9316087,-2.9806018,-7.4149804,-7.9035645
9316096,-2.75547,-7.423363,-8.103549
9316106,-2.5973988,-7.1024303,-8.126301
9316116,-2.694397,-6.4438,-7.884404
9316126,-2.7590625,-5.7588243,-9.580078
9316136,-2.5243506,-5.6019506,-10.300979
9316146,-2.9291089,-6.582711,-9.878258
9316156,-3.5290613,-7.5850267,-6.7695227
9316165,-4.7181883,-8.952583,-3.37578
9316175,-6.016289,-9.271121,-0.53528684
9316185,-6.3432093,-7.7131605,-4.0415955
9316195,-6.47733,-6.45338,-8.473579
9316205,-6.4186525,-4.8594947,-9.320218
9316215,-5.243895,-5.5875807,-10.950029
9316225,-3.869154,-8.140672,-10.5692215
9316234,-2.3459215,-9.83874,-9.214838
9316244,-1.5639478,-8.9442005,-7.787406
9316254,-2.2728736,-7.961045,-7.157516
9316264,-3.0368848,-3.2440538,-4.4583287
9316274,-5.0008006,-1.3316308,-7.0221972
9316284,-5.2283278,-1.0597961,-7.4832387
9316294,-4.8427296,-3.4057178,-9.159752
9316304,-4.2583447,-6.603069,-8.572972
9316313,-3.5554066,-8.085586,-5.5636306
9316323,-3.4727783,-8.125104,-5.3828063
9316333,-4.035608,-7.2509217,-6.650969
9316343,-4.4643164,-5.4654346,-6.532416
9316353,-4.3278003,-4.9505053,-7.9346995
9316363,-3.8044884,-5.3684363,-9.3944645
9316373,-2.753075,-6.0486217,-7.340735
9316382,-2.2165906,-6.849756,-6.316864
9316392,-2.5399182,-7.0557275,-5.749244
9316402,-2.8572583,-6.6234264,-5.696554
9316412,-3.131488,-6.805448,-5.2822156
9316422,-3.2452514,-6.916816,-6.577921
9316432,-3.239264,-6.1324477,-5.8187
9316442,-3.102748,-5.413942,-5.271438
9316451,-3.0428724,-5.464237,-8.6136875
9316461,-3.185376,-6.4869103,-10.015972
9316471,-3.309917,-7.763456,-4.4894643
9316481,-3.502716,-8.321495,-2.269281
9316491,-2.7291248,-9.77647,-3.570974
9316501,-2.503993,-7.4149804,-0.5903723
9316511,-2.6536818,-6.843768,-13.14746
9316520,-5.364844,-7.494016,-3.6080968
9316530,-6.156398,-5.1109715,-4.9648757
9316540,-7.430548,-9.412427,-9.040001
9316550,-6.791078,-8.911868,-6.422245
9316560,-5.8438478,-10.188413,-8.595725
9316570,-4.6271777,-8.884325,-9.201665
9316580,-3.624862,-8.509504,-9.639954
9316589,-2.8955786,-6.1288548,-9.334589
9316599,-4.418811,-4.2415795,-0.7975415
9316609,-4.9936156,-3.6021094,0.16046631
9316619,-4.4715014,-4.252357,-1.9854712
9316629,-5.078639,-5.1528845,-0.35087037
9316639,-4.9433203,-6.1911254,-6.525231
9316649,-5.749244,-7.4568934,-8.529862
9316659,-6.8413734,-6.941964,-7.444918
9316668,-7.765851,-6.4665527,-7.732321
9316678,-8.147857,-6.45817,-9.419612
9316688,-7.7035804,-6.3300366,-8.710686
9316698,-7.3563023,-5.581593,-7.933502
9316708,-7.1515284,-4.6499305,-6.2617784
9316718,-6.0270667,-6.468948,-11.408675
9316728,-5.003196,-6.9671116,-9.447155
9316737,-5.421127,-6.4557753,-8.378976
9316747,-7.266489,-6.2007055,-7.721543
9316757,-7.5275464,-6.1348424,-6.598279
9316767,-6.3743443,-6.9024463,-6.2881236
9316777,-5.1624646,-7.2413416,-5.542075
9316787,-5.060676,-7.3024144,-4.59724
9316797,-5.5708156,-7.1635036,-3.8775365
9316806,-6.0126967,-6.8701134,-2.523153
9316816,-5.454657,-7.36708,-4.267925
9316826,-4.728966,-8.844807,-6.634204
9316836,-4.743336,-9.799222,-7.3072047
9316846,-5.464237,-9.86748,-8.1634245
9316856,-5.3971767,-8.346643,-10.442286
9316866,-6.023474,-7.7227407,-18.327887
9316876,-5.821095,-5.863008,-7.277267
9316885,-5.8953404,-4.453539,-7.747888
9316895,-5.9540186,-4.0260277,-8.258027
9316905,-6.3551846,-1.8333875,-4.970863
9316915,-5.052294,-4.094286,-9.55014
9316925,-1.8753003,-2.9087512,-8.686736
9316935,-4.108656,-7.191046,0.94363767
9316945,-4.8570995,-11.014695,0.14010864
9316954,-3.2284863,-7.05932,3.4428406
9316964,-3.0991552,-7.498806,1.4154565
9316974,-3.2236962,-7.2581067,5.252278
9316984,-2.692002,-8.301138,1.5603552
9316994,-3.1578333,-8.007748,-3.4188905
9317004,-4.4319835,-6.915619,-5.7348742
9317014,-4.494254,-5.309758,-4.646338
9317023,-4.6906457,-4.4583287,-7.5981994
9317033,-4.28948,-5.640271,-8.796906
9317043,-4.89063,-6.8006577,-8.711884
9317053,-4.797224,-4.169729,-7.533534
9317063,-4.1373963,-0.59276736,-10.072254
9317073,-5.910908,-4.543352,-16.142431
9317083,-8.84361,-4.164939,-15.132931
9317092,-8.655601,-8.57896,-17.882414
9317102,-7.556287,-11.734398,-14.610817
9317112,-5.5145326,-12.621753,-11.888877
9317122,-4.076323,-9.422007,-10.857821
9317132,-3.864364,-4.8008165,-8.703501
9317142,-4.0607557,-1.6549585,-8.216114
9317152,-4.6906457,-0.63108766,-10.469828
9317162,-4.1864944,-4.951703,-6.980284
9317171,-3.439248,-11.534414,-0.796344
9317181,-2.6979895,-14.597644,7.3143897
9317191,0.07304809,-11.590697,5.7684045
9317209,-1.3448035,-7.4101906,2.5483007
9317219,-3.2332764,-3.37578,-1.2466077
9317229,-5.0582814,-3.9709425,-5.830675
9317239,-5.533693,-5.367239,-6.541996
9317249,-5.413942,-6.7264123,-4.388873
9317259,-4.829557,-7.0174074,-3.190166
9317268,-4.3469605,-6.421047,-3.8871167
9317278,-3.4691858,-5.5241127,-6.1132874
9317288,-4.8008165,-2.6752367,-12.340338
9317298,-5.031936,0.79514647,-21.21149
9317308,-8.298742,0.8753796,-16.488512
9317318,-9.81479,-6.9611244,-19.11106
9317328,-8.738229,-14.2132435,-10.285412
9317337,-5.540878,-15.371235,-9.714199
9317347,-4.0368056,-11.288924,-10.73328
9317357,-3.0009594,-4.61161,-11.6314125
9317367,-1.956731,-0.17723145,-6.525231
9317377,-3.234474,-3.7062926,-14.438375
9317387,-4.5277843,-6.030659,-2.393822
9317397,-5.945636,-11.864926,6.6868944
9317407,-2.889591,-3.8452039,17.021404
9317416,1.0669812,-13.722264,-6.201903
9317426,2.2369483,-6.3671594,2.5327332
9317436,-2.6297314,-4.5038342,-8.926238
9317446,-6.873706,-4.212839,-9.473499
9317456,-8.575367,-7.260502,-7.860454
9317466,-9.104667,-10.012379,-6.8772984
9317476,-7.6880126,-10.557246,-5.6570363
9317485,-5.623506,-9.280701,-5.901328
9317495,-3.8559813,-7.2090087,-8.089178
9317505,-3.1494508,-4.9433203,-6.045029
9317515,-3.2727942,-3.2919543,-7.545509
9317525,-3.0787976,-2.6620643,-7.04974
9317535,-3.2380664,-6.5120583,-8.563393
9317545,-3.873944,-5.7875648,-6.5276256
9317555,-3.8775365,-6.1767554,-8.499925
9317564,-5.374424,-4.8187795,-7.865244
9317574,-6.8725085,-4.069138,-14.389277
9317584,-6.14083,-6.312074,-15.362853
9317594,-5.7276893,-8.115523,-11.423046
9317604,-4.9540977,-8.253238,-9.020841
9317614,-4.5301795,-7.211404,-9.265133
9317624,-3.906277,-5.7839723,-8.765772
9317633,-2.7961853,-4.9014072,-6.6114516
9317643,-2.6668541,-4.9014072,-5.415139
9317653,-3.0237122,-5.344486,-5.290598
9317663,-3.8452039,-6.091732,-6.598279
9317673,-4.64514,-6.873706,-7.4006104
9317688,-5.2091675,-5.918093,-5.9204884
9317698,-6.0150914,-5.309758,-5.2007847
9317707,-6.4258375,-5.7528367,-4.7912364
9317717,-6.3851223,-7.0653076,-5.2630553
9317727,-6.0689793,-7.345525,-4.792434
9317737,-6.1132874,-4.9948134,0.29817992
9317747,-5.237908,-4.6834607,6.3911095
9317757,-3.6655774,-11.3488,5.3696337
9317767,-5.261858,-11.94516,3.417693
9317777,-6.629414,-10.727292,0.020357667
9317786,-8.23767,-8.207732,-5.7588243
9317796,-10.40636,-5.357659,-10.654244
9317806,-9.986034,-3.878734,-11.837384
9317816,-6.284531,-5.266648,-13.945002
9317826,-5.3313136,-8.392148,-15.689773
9317836,-6.2031007,-10.41594,-10.346484
9317846,-6.8413734,-10.813513,-5.739664
9317855,-6.4102697,-10.843451,-3.0416749
9317865,-4.8427296,-10.372829,-2.1315675
9317875,-3.2859669,-9.544153,-1.0322534
9317885,-1.8537451,-9.528585,-1.6214283
9317895,-2.1722827,-9.764495,-2.5147705
9317905,-3.6428246,-9.111852,-2.8045678
9317915,-5.3432884,-8.213719,-3.2153137
9317925,-6.715635,-6.7946706,-2.8464806
9317934,-7.401808,-5.466632,-1.1232642
9317944,-6.983877,-6.3348265,-0.33650026
9317954,-6.9024463,-9.081914,-0.13052857
9317964,-8.02571,-10.741663,2.2824535
9317974,-5.4067564,-10.881771,2.2764661
9317984,-5.107379,-15.829882,-1.348396
9317994,-7.3491173,-12.5391245,-3.5925293
9318003,-6.5599585,-4.6906457,-2.4022045
9318016,-2.962639,0.81789917,-2.7973828
9318026,-4.939728,0.71251833,2.1159997
9318035,1.0729687,4.5397596,6.533613
9318045,-11.834989,-18.851198,11.118878
9318055,-2.572251,-6.365962,19.848724
9318065,12.680431,8.2233,-8.479567
9318075,-10.724897,-14.452745,3.119513
9318085,-10.265054,-1.0310559,7.5299416
9318095,-1.2370276,4.296665,2.6045837
9318104,-6.995852,3.0320947,0.45026368
9318114,-8.581355,-0.62390256,2.1483326
9318124,-4.409231,6.029462,21.33244
9318134,-12.857662,-28.06005,10.560839
9318144,-10.535691,-22.8904,6.622229
9318154,-10.251881,-12.054133,4.604425
9318164,-5.24629,-9.271121,2.0309765
9318174,-3.766168,-1.9339783,5.5528526
9318183,-2.347119,1.4681469,-9.216035
9318193,0.39757323,5.811515,-5.5384827
9318203,-0.7843689,11.886482,6.065387
9318213,-0.8957373,5.909711,4.1122484
9318223,-4.087101,-3.1590307,-2.7518775
9318233,-13.072017,-14.403647,-5.2019825
9318243,-20.920496,-12.191847,3.8320313
9318252,-14.4264,-1.5208374,9.784852
9318262,-9.532178,2.3040087,-0.86699706
9318272,-4.64514,3.1614258,4.2511597
9318282,1.4801221,0.920885,-12.3630905
9318292,2.2297633,-5.466632,10.80992
9318302,-2.14953,-12.264895,0.8921448
9318312,-0.82867676,-2.3806493,-3.2057335
9318321,-3.0488598,-12.456496,-0.17004639
9318331,-9.610016,-18.478773,-1.3160633
9318341,-10.1824255,-17.880018,4.079916
9318351,-7.7838135,-17.021404,-8.213719
9318361,-2.2345533,-11.159594,2.642904
9318371,-1.6549585,-8.211325,-6.821016
9318381,0.07065307,-5.5899754,2.826123
9318391,-4.4595265,1.2370276,-1.7962646
9318400,-4.3074427,0.6059399,-4.637955
9318410,-2.6057813,-2.4405248,-10.037527
9318420,-2.830913,-10.217154,-10.903326
9318430,-4.482279,-12.003838,-2.1052222
9318440,-4.6187954,-7.8245287,-6.5216384
9318450,-5.051096,-9.81958,-11.360775
9318460,-3.9002893,-10.223141,-8.246052
9318469,-4.574487,-10.746452,-7.103628
9318479,-5.739664,-13.747412,-10.105785
9318489,-5.367239,-14.400055,-10.801538
9318499,-3.309917,-15.653848,-11.63261
9318509,-1.7327967,-16.050224,-11.62303
9318519,-1.0394385,-14.588064,-8.966953
9318529,-1.1184741,-12.583432,-6.5695386
9318538,-2.1339624,-9.451944,-7.3754625
9318548,-4.54934,-7.1778736,-7.3682775
9318558,-7.0880604,-6.676117,-5.191205
9318568,-8.784931,-6.277346,-2.7925928
9318578,-9.508227,-6.490503,-0.674198
9318588,-8.024513,-6.177953,2.0501368
9318598,-5.5073476,-4.5852647,2.626139
9318608,-3.3793726,-3.2823744,1.5902929
9318617,-3.3865576,-2.77463,-0.6370752
9318627,-5.4510646,-4.2799,-2.3519092
9318637,-8.010143,-6.3048887,-2.1926403
9318647,-10.230326,-8.422086,-1.4717395
9318657,-10.072254,-10.192005,-0.04550537
9318667,-5.879773,-11.405083,-0.26584718
9318682,-4.548142,-11.543994,-1.0777588
9318692,-5.965994,-11.570339,0.15208374
9318701,-6.2569885,-9.798025,0.45026368
9318711,-6.072572,-8.922646,-0.85382444
9318721,-5.979166,-7.780221,-0.23950195
9318731,-7.2652917,-6.187533,3.2153137
9318741,-5.9492283,-5.81391,3.0764027
9318751,-5.940846,-7.2090087,-3.7062926
9318761,-8.258027,-13.40253,-0.46104127
9318770,-3.08239,-3.8679566,7.425758
9318780,-7.2784643,-12.558285,1.4262341
9318790,-8.084389,-4.9457154,7.868837
9318800,-4.6894484,-2.3495142,-0.10059082
9318810,-0.15328126,7.2389464,-4.731361
9318820,-13.48875,-8.236472,2.7470875
9318830,-3.735033,7.643705,6.74677
9318839,-9.22322,-11.018288,16.183147
9318849,-4.069138,-3.0452673,4.0751257
9318859,-9.583671,-10.71412,-1.0370435
9318869,-1.5819104,-3.3518298,9.588461
9318879,-5.437892,-5.466632,0.59635985
9318889,-3.8416114,-1.2011023,8.999286
9318899,-12.045751,5.898933,-9.008866
9318908,-6.631809,2.0896544,-2.7099645
9318918,-6.5767236,-1.7423767,-11.630215
9318928,-6.7527575,-4.4810815,-7.8568616
9318938,-6.295309,-2.4081922,-2.7027795
9318948,-2.4584875,0.7256909,5.436694
9318958,-6.309679,-12.604988,21.879702
9318968,-6.3994923,-9.273516,-1.0669812
9318978,0.48020142,-7.9287124,-3.8763392
9318987,-1.6741186,-13.213323,3.885919
9318997,-8.355025,-6.0689793,-1.0753638
9319007,-2.4201672,-9.21364,-4.646338
9319017,-7.570657,-27.487638,-10.236314
9319027,-5.9049206,-26.782307,0.34847534
9319037,-0.7723938,-15.205979,-0.68377805
9319047,-1.1723621,-9.541758,-4.435576
9319056,-1.6094531,-6.6773143,-5.771997
9319066,-2.6141639,-3.6536024,-2.1555176
9319076,-4.59245,-5.373226,0.40116578
9319086,-6.3671594,-3.321892,-0.76281375
9319096,-7.3586974,-0.53289187,0.7149133
9319106,-9.301059,-4.2008643,-10.183623
9319116,-2.454895,-6.7970653,-6.685697
9319125,-0.60234743,-12.173884,-0.04550537
9319135,-3.5745666,-9.192085,0.05269043
9319145,-5.1852174,-3.3482373,-7.6221495
9319155,-3.9146595,-0.1353186,-7.276069
9319165,-4.0344105,-3.8655615,-10.260263
9319175,-6.4497876,-4.142186,-7.804171
9319185,-7.5658665,-8.731044,-10.233918
9319194,-7.6856174,-11.596684,-9.571695
9319204,-6.058202,-13.242063,-8.382568
9319214,-4.8918276,-15.758031,-9.081914
9319228,-3.7745507,-16.862135,-5.6318884
9319238,-2.4920177,-14.201268,-2.7518775
9319248,-1.5459851,-14.280304,-3.998485
9319258,-1.6022681,-13.267211,-6.9060388
9319268,-2.9243188,-10.800341,-7.9993653
9319278,-5.5456676,-9.538165,-8.727451
9319287,-7.716753,-8.020921,-9.364527
9319297,-8.560997,-6.4917006,-8.364606
9319307,-7.474856,-5.4414845,-6.927594
9319317,-5.3265233,-4.555327,-3.4727783
9319327,-2.76505,-2.6441016,0.6646179
9319337,-1.7878821,-2.7482848,0.62031007
9319347,-1.9998413,-2.5494983,-0.39877075
9319356,-3.2895594,-6.4473925,4.0655456
9319366,-5.859415,-6.683302,11.383528
9319376,-8.078401,-7.550299,1.6393908
9319386,-6.925199,-8.212522,-7.1263804
9319396,-3.5158887,-5.2726355,-7.0952454
9319406,-2.2752686,-4.0020776,-11.3643675
9319416,-2.0381615,-3.3817675,-12.624148
9319426,-3.8727465,-5.2175503,-13.709092
9319435,-7.1144056,-6.7767076,-16.478931
9319445,-8.784931,-6.1049047,-17.320782
9319455,-8.383766,-9.473499,-18.609303
9319465,-6.817423,-12.529545,-14.322217
9319475,-5.5923705,-13.106745,-10.878179
9319485,-4.883445,-9.554931,-7.012617
9319495,-6.1132874,-3.786526,-9.3309965
9319504,-7.0186048,0.11975098,-11.923605
9319514,-7.6556797,0.36404297,-6.5156507
9319524,-4.5002418,-3.615282,12.596605
9319534,-1.341211,-12.169094,18.071619
9319544,0.49816406,-13.270803,2.6249413
9319554,1.5028747,-10.544073,3.0237122
9319564,-1.6453785,-3.4608033,-0.6215076
9319574,-5.518125,-0.8681946,-6.878496
9319583,-5.964796,-2.5926087,-7.9430823
9319593,-6.373147,-6.177953,-5.965994
9319603,-5.3552637,-8.1143265,-8.745414
9319613,-5.686974,-7.0904555,-12.209809
9319623,-6.627019,-3.1470556,-14.006074
9319633,-8.250842,-3.6392322,-19.794836
9319643,-10.196795,-2.4656725,-19.90381
9319652,-9.75731,-8.253238,-21.516855
9319662,-7.7814183,-12.121194,-12.850477
9319672,-4.7050157,-9.977652,-5.9061184
9319682,-3.7841308,-6.3180614,-4.253555
9319692,-2.8524683,-2.283651,-9.650731
9319702,-1.8154248,-5.039121,-11.553575
9319712,-3.1626234,-5.926476,1.3148657
9319721,-3.7996986,-6.3611717,12.970228
9319731,-2.6860144,-8.647218,12.057726
9319741,-1.2729529,-9.586065,0.014370117
9319751,-0.7592212,-5.2091675,-2.7446923
9319761,-2.5471032,-2.5483007,-7.0078273
9319771,-6.173163,-3.305127,-6.644982
9319781,-7.179071,-5.955216,-7.1934414
9319790,-7.03537,-7.9131446,-5.8666005
9319805,-6.547983,-8.430469,-11.481724
9319815,-5.3540664,-5.1301317,-13.524675
9319824,-6.3180614,-1.8992505,-17.998571
9319834,-7.2640944,-2.5195606,-19.271524
9319844,-8.270002,-7.838899,-22.605392
9319854,-6.907236,-11.626622,-12.614568
9319864,-5.2343154,-11.735596,-9.45434
9319874,-5.6330857,-8.514295,-5.1720448
9319884,-4.494254,-4.4762917,-5.4163365
9319893,-3.4129028,-7.3000197,-12.957056
9319903,-3.9086719,-6.5228357,-0.7256909
9319913,-3.8116736,-6.9335814,6.470145
9319923,-2.9877868,-6.4593678,11.306888
9319933,-0.21195923,-8.212522,-0.74365354
9319943,-0.15088624,-7.3119946,-0.88735473
9319953,-1.9734961,-3.246449,-5.6079383
9319962,-4.851112,-3.9972875,-8.899893
9319972,-5.7312818,-6.12167,-6.9455566
9319982,-5.2235374,-8.465197,-5.388794
9319992,-4.685856,-9.660312,-4.212839
9320002,-4.2954674,-9.1693325,-3.9481897
9320012,-4.4475513,-7.2952294,-3.2847693
9320022,-3.9266346,-8.814869,-4.687053
9320032,-4.4834766,-8.151449,-4.742139
9320041,-4.775669,-7.3287597,-5.762417
9320051,-5.574408,-7.047345,-7.765851
9320061,-6.622229,-6.6006737,-7.7862086
9320071,-6.8066454,-7.682025,-8.302335
9320081,-7.773036,-10.015972,-10.187216
9320091,-9.14658,-12.837305,-10.024354
9320101,-8.771759,-13.79172,-8.811276
9320110,-9.050778,-10.853031,-6.0414367
9320120,-6.2162733,-8.153844,-5.4654346
9320130,-4.0739284,-6.213878,-4.54934
9320140,-4.0751257,-5.144502,-3.5362463
9320150,-6.3743443,-3.6404297,2.8416908
9320160,-6.072572,-4.4643164,6.085745
9320170,-4.902605,-8.814869,11.063793
9320180,-2.0800745,-14.286291,5.84265
9320189,-1.531615,-11.941567,-2.3004162
9320199,-8.778944,-20.979174,-10.813513
9320211,-5.685776,-3.791316,4.811594
9320221,-6.0713744,2.0309765,4.247567
9320231,-4.773274,6.1468177,1.4693445
9320240,-4.6834607,5.48699,1.2454102
9320250,-8.065228,0.94363767,2.066902
9320260,-9.503437,-3.3398547,3.573369
9320270,-7.547904,-6.852151,3.1626234
9320280,-3.5290613,1.23104,-0.39996827
9320290,-10.952424,-21.358784,12.366683
9320300,-8.629255,-17.573456,15.210769
9320309,-7.892787,-7.601792,1.8357825
9320319,-3.3985326,-7.0341725,1.5867004
9320329,-5.166057,-1.4849122,-7.9131446
9320339,-4.125421,3.4308655,-5.046306
9320349,-3.615282,9.423204,4.4786863
9320359,1.3400134,7.2652917,-5.5133348
9320369,-0.3305127,0.59516233,-5.7276893
9320378,-12.218192,-9.309441,10.831476
9320388,-17.684824,-5.8570204,-0.735271
9320398,-9.7884445,-8.034093,-5.653444
9320408,-2.899171,-12.650494,0.3329077
9320418,-1.8525476,-18.25005,13.026511
9320428,-2.3135889,-1.893263,8.264015
9320438,1.6669335,-4.8331494,-4.7816563
9320447,0.10777588,-10.763218,-3.9050794
9320457,-5.6905665,-24.474705,9.430389
9320467,-10.815908,-26.892477,5.393584
9320477,-7.373068,-7.388635,-1.7256116
9320487,-2.6620643,-1.2442126,2.7135572
9320497,-3.5721717,-4.975653,-6.1228676
9320507,-1.7387842,-3.6320472,-2.5830286
9320517,-1.2322376,-1.2490027,7.4197707
9320526,-6.883286,-6.701265,3.9529798
9320536,-10.735675,-7.738308,0.68497556
9320546,-7.388635,-6.73719,0.61791503
9320556,-4.9744554,-8.463999,-1.6190332
9320566,-5.3684363,-9.177715,-2.271676
9320576,-6.3911095,-6.8006577,-1.7232165
9320586,-5.327721,-6.067782,-1.3615686
9320595,-5.0008006,-6.9683094,-2.1052222
9320605,-5.716912,-8.770561,-1.2633728
9320615,-6.6964746,-10.583591,-0.8202942
9320625,-7.0581226,-11.5823145,-0.7688013
9320635,-6.8557434,-12.052936,-1.4944922
9320645,-6.3132715,-11.848162,-1.531615
9320655,-5.6570363,-10.71891,-1.0502161
9320664,-4.9529004,-9.25675,0.33889526
9320674,-4.4954515,-7.5047936,0.4179309
9320684,-4.269122,-6.3515916,0.13891113
9320694,-4.4200087,-5.9839563,0.20118164
9320704,-4.8247666,-6.4557753,0.49576905
9320714,-5.500162,-7.254514,-0.9400452
9320724,-5.773195,-7.819739,-1.1400293
9320734,-5.9145007,-8.661588,0.7640112
9320743,-5.9121056,-8.537047,1.8034497
9320753,-5.603148,-7.938292,2.1722827
9320763,-5.660629,-6.7407823,1.1244617
9320773,-6.060597,-5.797145,0.21195923
9320783,-6.0809546,-6.734795,-1.8022522
9320799,-6.284531,-6.5180454,-0.71730834
9320808,-6.211483,-4.9696655,-0.44786865
9320818,-5.146897,-6.0486217,-0.4430786
9320828,-4.5038342,-9.821975,0.432301
9320838,-6.363567,-10.1333275,3.1722033
9320848,-7.484436,-8.790919,8.79571
9320858,-9.024433,-5.029541,4.93374
9320868,-8.705896,-0.95321774,2.1902454
9320878,-8.012538,1.4441968,0.7652087
9320887,-7.9131446,2.186653,0.92807007
9320897,-7.9526625,1.6477734,1.4908997
9320907,-8.265212,-3.0871801,3.9649549
9320917,-8.481961,-7.169491,1.3974938
9320927,-6.998247,-11.643388,3.6045043
9320937,-6.7922754,-12.66606,2.635719
9320947,-7.317982,-13.18099,-5.962401
9320956,-7.8592567,-6.3444066,2.0573218
9320966,-6.497688,-2.1615052,-0.026345216
9320976,-4.701423,-8.927435,-2.0920496
9320986,-1.6549585,-13.689932,-4.24637
9320996,-8.322693,2.3578968,-1.5388
9321006,-6.9132237,3.436853,2.5973988
9321016,-6.10251,-6.908434,4.519402
9321025,-5.6330857,-16.384329,-0.32332763
9321035,-11.025473,-5.004393,-0.18202148
9321045,-7.97302,-1.9914588,5.4893847
9321055,-6.8677187,-19.167341,8.01134
9321065,-6.2102857,-26.09733,-8.740623
9321075,-7.3706727,1.0286609,-2.5602758
9321085,-10.480605,13.649217,-3.2380664
9321095,-2.598596,10.644665,1.6765137
9321104,-4.1361985,-5.604346,7.0892577
9321114,-12.110416,-20.081041,3.5530114
9321124,-9.202863,-9.666299,-1.0621911
9321134,-8.933423,3.5601966,-1.3567786
9321144,-11.200309,6.6162415,0.6969507
9321154,-5.077441,1.4453943,1.0214758
9321164,-4.1876917,-2.7279272,1.6310083
9321173,-6.843768,-3.937412,1.6417859
9321183,-8.061636,-6.052214,-0.4778064
9321193,-6.7683253,-4.126619,0.17842895
9321203,-7.155121,-2.5602758,-3.0799952
9321213,-5.261858,-2.6536818,-3.2692018
9321223,-6.6258216,-4.91458,-2.753075
9321233,-6.5372057,-5.9216857,-1.7136365
9321242,-6.1516075,-6.4569726,-1.8741028
9321252,-6.0977197,-7.106023,-2.3686743
9321262,-6.0426345,-8.916657,-3.6080968
9321272,-5.4582496,-10.43031,-3.5937269
9321282,-4.550537,-12.26729,-3.382965
9321292,-4.028423,-13.559403,-2.3435266
9321302,-3.5793567,-13.49833,-1.956731
9321311,-3.2811768,-12.469669,-1.4382092
9321321,-3.4835558,-11.691288,-2.1195922
9321331,-3.505111,-11.321258,-4.235592
9321341,-3.6320472,-11.408675,-5.4977674
9321351,-3.7314405,-10.657837,-6.0570045
9321361,-4.118236,-9.034014,-5.830675
9321371,-4.764891,-6.6090565,-5.691764
9321381,-5.166057,-5.182822,-6.8006577
9321390,-4.9648757,-5.2307224,-9.159752
9321400,-4.528982,-6.484515,-10.76202
9321410,-4.070336,-8.455616,-11.124866
9321420,-3.4715807,-9.386082,-9.953701
9321435,-2.8476782,-9.382489,-8.660391
9321445,-2.0932472,-8.885523,-9.248368
9321454,-1.8848804,-8.325088,-9.6830635
9321464,-1.9758911,-7.715555,-9.837543
9321474,-2.2094054,-7.2066135,-9.839938
9321484,-2.3926246,-6.6306114,-10.280622
9321494,-2.6129663,-5.9911413,-10.995535
9321504,-2.6249413,-6.1623855,-11.375145
9321514,-2.6273365,-6.644982,-11.361973
9321524,-2.806963,-7.430548,-10.285412
9321533,-3.1722033,-7.95865,-8.780142
9321543,-3.5242712,-7.388635,-7.643705
9321553,-3.485951,-6.1037073,-8.047266
9321563,-3.2775843,-4.3565407,-8.778944
9321573,-2.8859985,-2.8321106,-9.599238
9321583,-2.6656568,-2.7614574,-8.778944
9321593,-3.187771,-3.0620325,-7.3682775
9321602,-5.0918117,-4.7888417,-7.244934
9321612,-7.5742493,-5.3923864,-6.1120896
9321622,-7.5191636,-4.798422,-6.170768
9321632,-6.2965064,-4.0811133,-7.3215747
9321642,-4.750521,-3.0943651,-9.620793
9321652,-4.1733217,-2.591411,-9.408834
9321662,-4.766089,-2.2369483,-8.63644
9321671,-5.739664,-1.8573376,-7.716753
9321681,-6.2174706,-1.7878821,-6.476133
9321691,-5.8977356,-2.9279113,-6.189928
9321701,-5.498965,-3.98172,-5.718109
9321711,-4.925358,-5.1157618,-4.8810496
9321721,-4.382886,-5.7935524,-6.549181
9321731,-4.191284,-4.9061975,-7.521559
9321741,-4.3685155,-3.6571949,-8.383766
9321750,-4.387676,-3.622467,-9.3381815
9321760,-4.087101,-3.7242553,-8.720266
9321770,-3.885919,-4.6714854,-6.702462
9321780,-4.212839,-4.6415477,-7.3766603
9321790,-2.6692493,-3.8907092,-8.86277
9321800,-3.5170863,-3.2787817,-10.212363
9321810,-3.732638,-2.7267296,-9.599238
9321819,-2.703977,-4.59245,-11.25779
9321829,-2.6345215,-7.05932,-11.282937
9321839,-2.9806018,-8.875942,-9.313033
9321849,-3.9002893,-8.817265,-7.826924
9321859,-4.4978466,-6.898854,-8.62207
9321869,-5.290598,-4.237987,-9.869876
9321879,-4.5517344,-2.8225305,-9.836346
9321888,-4.333788,-2.4405248,-10.333312
9321898,-4.831952,-2.8105555,-10.899734
9321908,-5.1229467,-3.1482532,-11.796669
9321918,-5.771997,-2.9841943,-10.920092
9321928,-5.943241,-4.254752,-9.9572935
9321938,-6.0953245,-5.9049206,-9.721384
9321948,-5.9468336,-6.673722,-8.522677
9321957,-6.0198817,-7.223379,-8.513097
9321967,-5.9911413,-7.5035963,-8.539442
9321977,-6.043832,-7.5934095,-8.083191
9321987,-6.156398,-7.6401124,-6.861731
9321997,-5.7456517,-8.014933,-6.3695545
9322007,-5.3456836,-8.398136,-6.739585
9322017,-5.5899754,-8.150251,-7.2293663
9322027,-6.678512,-7.7838135,-6.707252
9322036,-6.9287915,-5.926476,-4.254752
9322046,-5.8402553,-5.0738487,-3.6033068
9322056,-5.5372853,-4.6738806,-3.2308815
9322066,-5.732479,-5.6797886,-2.3495142
9322076,-5.053491,-7.476053,-0.3293152
9322086,-6.3348265,-8.978929,2.7279272
9322096,-6.8042507,-10.148895,5.640271
9322105,-3.2919543,-12.060121,-1.5603552
9322115,-5.435497,-13.584551,-2.0944445
9322125,-6.5695386,-7.276069,-3.3554223
9322135,-4.5421543,-1.5914905,0.59635985
9322145,-3.5578015,0.24908203,0.9460327
9322155,0.0071850587,3.570974,-5.550458
9322165,-18.617683,-18.126705,6.558761
9322174,4.1685314,5.9444385,4.743336
9322184,-16.750767,-11.360775,1.2609777
9322194,-0.49816406,-6.508466,5.649851
9322204,-7.076085,-4.0116577,8.738229
9322214,-8.296348,-11.458971,7.1144056
9322224,-10.316546,4.5637097,6.324049
9322234,-4.023633,-1.7519568,-3.2404613
9322244,-5.252278,-2.7446923,-7.4688683
9322253,-7.8257265,1.353186,4.0727305
9322263,-4.982838,-3.7589831,22.48085
9322273,-9.950109,-11.327245,-7.38624
9322283,-7.582632,-19.252365,-3.0871801
9322293,-8.093968,-3.248844,2.398612
9322303,-3.2967443,7.364685,-0.9687854
9322313,-4.7816563,12.382251,15.033538
9322322,-5.373226,7.5347314,-3.006947
9322332,-3.0500574,3.5398388,-16.785494
9322342,-1.6082556,-8.971744,12.099639
9322352,-4.773274,-16.931591,-4.590055
9322362,-1.7339941,-18.79731,7.838899
9322372,-8.047266,-21.041445,2.4417224
9322382,-14.232404,-13.838423,3.8164637
9322391,-3.0500574,1.0106982,-0.85382444
9322401,-1.5507752,-14.782061,-19.61042
9322411,-4.4715014,-25.875792,-0.65264285
9322421,-3.1578333,-17.410595,2.0405567
9322431,-2.4824378,-7.9275146,1.0981164
9322441,-1.6561561,-5.372029,-2.7518775
9322451,-1.8717078,-3.730243,-1.4717395
9322461,-2.8596532,-4.484674,-0.43469605
9322470,-7.474856,2.090852,-0.86100954
9322480,-9.989627,0.4790039,-7.9766126
9322490,-5.8977356,4.8499146,-2.7339149
9322500,-3.1757958,-2.7267296,-10.356065
9322510,-5.271438,-5.7121215,-6.9060388
9322520,-5.2403026,-6.404282,-7.301217
9322530,-5.629493,-12.00743,-11.674522
9322539,-6.580316,-15.395185,-7.4712634
9322549,-7.1874537,-17.745897,-6.222261
9322559,-7.1994286,-17.047749,-9.445957
9322569,-6.40548,-16.804655,-15.191608
9322579,-4.181704,-15.178436,-14.804813
9322589,-1.4897021,-12.044553,-11.109298
9322599,-1.3998889,-11.284135,-8.56938
9322608,-2.4153771,-10.759625,-6.8006577
9322618,-3.878734,-9.721384,-6.9060388
9322628,-5.4510646,-7.8149486,-5.005591
9322638,-6.595884,-5.6749988,-5.6007533
9322648,-6.7276096,-5.7827744,-7.677235
9322658,-5.5612354,-7.794591,-9.0639515
9322668,-4.822372,-9.53098,-9.962084
9322677,-4.5936475,-8.0999565,-6.666537
9322687,-5.367239,-5.3133507,1.2502002
9322697,-6.9335814,-0.852627,7.0712953
9322707,-7.919132,-6.551576,14.283896
9322717,-7.3778577,-10.500963,17.023798
9322727,-6.028264,-7.2245765,8.788525
9322737,-4.3373804,-2.9985645,-1.8896704
9322747,-3.530259,0.34608033,-4.623585
9322756,-3.2727942,0.99872315,-3.2859669
9322766,-3.0153296,-2.9350965,-6.029462
9322776,-2.494413,-4.58287,-12.145144
9322786,-3.3135095,-5.653444,-13.971347
9322796,-4.2739124,-8.63644,-16.918419
9322806,-8.157436,-14.028827,-22.799389
9322816,-14.547349,-11.284135,-12.357103
9322825,-11.851754,-8.808882,-17.6968
9322835,-5.8809705,-8.231682,-15.386803
9322845,-2.9638367,-8.582553,-11.985875
9322855,-2.2489233,-9.083112,-10.029144
9322865,-2.6021888,-8.010143,-8.259225
9322875,-5.9683886,-4.749324,-11.292517
9322885,-6.1743603,-0.99992067,-8.768167
9322894,-7.08327,-2.2285657,-4.9529004
9322904,-5.0558863,-3.7146752,5.5780005
9322914,-2.9087512,-8.133487,12.420571
9322924,-0.68976563,-7.155121,14.138998
9322934,0.49457154,-7.619755,-2.7590625
9322944,0.20477417,-4.775669,-2.5842261
9322954,-2.689607,-2.1004322,-4.819977
9322964,-6.500083,-3.3374598,-7.883207
9322973,-7.955057,-5.7707996,-7.1539235
9322983,-7.261699,-7.9155397,-9.656719
9322993,-5.5468655,-8.032895,-14.598842
9323003,-5.3432884,-7.125183,-16.996256
9323013,-9.496252,-2.098037,-16.971107
9323023,-9.830358,-1.7914746,-24.135809
9323045,-7.9646373,-6.7922754,-20.11457
9323055,-4.485872,-9.520203,-11.322454
9323065,-3.333867,-8.428074,-3.2284863
9323074,-3.5170863,-6.246211,-6.2318406
9323084,-4.0176454,-6.8246083,-12.856464
9323094,-4.60682,-5.3456836,-6.262976
9323104,-3.7589831,-7.077283,8.519085
9323114,-3.3662,-9.004076,17.070501
9323124,-0.42152345,-9.671089,2.3016138
9323134,-1.0585986,-8.131091,1.4358143
9323143,-4.5229945,-1.3651612,-0.26345214
9323153,-7.7514806,-1.2513977,-4.325405
9323163,-8.244855,-4.0260277,-3.3662
9323173,-7.3682775,-6.9383717,-3.9469922
9323183,-4.5445495,-9.928554,-9.55972
9323193,-4.148174,-8.565787,-16.496895
9323203,-3.4667907,-2.9291089,-21.671333
9323212,-6.507268,2.1171973,-21.92401
9323222,-9.861493,-0.032332763,-22.16471
9323232,-10.779983,-9.620793,-17.89319
9323242,-7.260502,-15.0515,-11.621832
9323252,-3.8535864,-11.074571,-1.2945081
9323262,-2.2728736,-8.253238,-3.803291
9323272,-2.5483007,-8.135881,-10.579999
9323282,-0.49457154,-5.7312818,8.0305
9323291,-2.4345374,-10.340497,14.003679
9323301,-0.4778064,-9.777667,-0.8202942
9323311,-0.9472302,-5.2510805,2.8500733
9323321,-3.4452355,-2.0190015,-7.306007
9323331,-5.310956,-3.3877552,-8.590935
9323341,-5.7540345,-5.868995,-8.739427
9323351,-6.2007055,-7.411388,-7.533534
9323360,-5.50615,-7.115603,-5.724097
9323370,-4.756509,-6.540798,-6.0103016
9323380,-3.937412,-6.773115,-6.5994763
9323390,-4.2020617,-5.4534593,-8.125104
9323400,-3.9757323,-4.142186,-9.45434
9323410,-2.8392956,-4.7205834,-9.684261
9323420,-2.9183314,-6.413862,-11.346405
9323430,-4.8798523,-3.747008,-13.540243
9323439,-6.0785594,-3.8703516,-15.772401
9323449,-7.692803,-7.2066135,-12.585828
9323459,-7.056925,-9.265133,-8.0999565
9323469,-5.9959316,-10.106982,-7.5910144
9323479,-4.5277843,-8.816067,-7.6940002
9323492,-3.0500574,-6.4306273,-7.345525
9323502,-2.6728418,-3.4691858,-6.2545934
9323512,-3.5075061,-1.9435583,-4.748126
9323521,-4.5205994,-2.9075537,-4.333788
9323531,-5.652246,-5.788762,-4.2655296
9323541,-6.053412,-8.626861,-5.7001467
9323551,-6.091732,-9.890233,-5.5456676
9323561,-6.1120896,-9.254355,-4.8594947
9323571,-6.4078746,-7.819739,-4.8990126
9323581,-6.301296,-6.3204565,-5.1145644
9323590,-5.769602,-5.859415,-4.1074586
9323600,-5.4893847,-5.5923705,-4.2978625
9323610,-5.2426977,-5.3133507,-5.542075
9323620,-5.2678456,-5.760022,-7.6029897
9323630,-6.236631,-6.340814,-6.5372057
9323640,-7.1587133,-6.291716,-3.7170703
9323650,-6.7695227,-5.8390574,-2.5075855
9323659,-5.7851696,-5.773195,-3.8895118
9323669,-5.3217335,-5.318141,-4.782854
9323679,-5.380411,-5.4953723,-5.898933
9323689,-5.435497,-6.284531,-7.3910303
9323699,-5.6223083,-6.4641576,-8.087981
9323709,-6.171965,-5.8402553,-8.619676
9323719,-5.685776,-4.9205675,-8.509504
9323728,-5.3612514,-5.3552637,-7.1359606
9323738,-4.8798523,-6.212681,-6.7312026
9323748,-4.6690907,-6.842571,-6.394702
9323758,-4.648733,-7.3299575,-7.181466
9323768,-4.7541137,-7.2952294,-8.402926
9323778,-5.003196,-6.389912,-7.191046
9323788,-4.8750625,-5.419929,-6.364764
9323798,-4.6595106,-5.301376,-6.0055113
9323807,-4.8283596,-5.908513,-6.0390415
9323817,-5.0666637,-5.901328,-6.8461633
9323827,-5.0259485,-5.2798204,-8.343051
9323837,-5.1109715,-4.8870373,-9.193282
9323847,-4.980443,-5.1301317,-9.059161
9323857,-4.8894324,-6.0833497,-7.1096153
9323867,-4.728966,-6.668932,-6.0713744
9323876,-4.3457627,-6.871311,-5.6486535
9323886,-4.1589513,-6.199508,-5.6175184
9323896,-4.206852,-5.604346,-7.077283
9323906,-4.8654823,-3.8883142,-3.5625916
9323916,-4.2822948,-8.21851,-3.4117053
9323926,-4.543352,-10.255474,2.2477257
9323936,-5.508545,-10.164463,2.633324
9323945,-5.931266,-8.93462,-5.8965383
9323955,-6.177953,-6.0953245,-11.085348
9323965,-6.812633,-4.0511756,-13.78214
9323975,-6.6138463,-3.2548316,-13.749807
9323985,-5.686974,-4.5529323,-12.934303
9323995,-4.5852647,-6.5623536,-11.11289
9324005,-4.2822948,-8.066425,-8.634046
9324014,-4.381688,-8.674761,-7.4568934
9324024,-3.9601648,-8.66518,-6.7455726
9324034,-3.246449,-8.352631,-5.50615
9324044,-3.178191,-8.756191,-4.111051
9324054,-3.0225146,-9.0076685,-3.9877076
9324064,-4.0008802,-8.992101,-4.254752
9324074,-5.4582496,-8.338261,-3.514691
9324084,-6.575526,-8.284372,-2.9219239
9324093,-7.2557116,-8.202942,-1.3831238
9324103,-6.810238,-8.463999,-0.52450925
9324113,-5.6666164,-9.854308,-0.59755737
9324123,-4.8918276,-10.47821,-0.71850586
9324133,-5.3768187,-10.613529,-1.219065
9324143,-4.9301476,-14.479091,-2.4728577
9324153,-6.468948,-16.795074,-6.5431933
9324162,-8.108338,-11.747571,0.11735596
9324172,-7.683223,-10.262659,4.580475
9324182,-5.7636147,-6.7036595,2.7279272
9324192,-3.5482213,-2.2704785,1.0945239
9324208,-4.687053,1.6669335,1.6477734
9324218,-8.372989,-2.1627026,-5.0103807
9324227,-10.815908,-6.3695545,-2.572251
9324237,-5.22713,-7.3515124,-5.82349
9324247,-11.843371,-7.7790236,6.3468018
9324257,-11.27695,-8.36221,6.678512
9324267,-6.1671753,-7.162306,-2.8788135
9324277,-6.7324,-12.6516905,-10.320139
9324287,-2.5147705,-3.3386571,1.6238233
9324296,-2.4824378,4.9612827,2.7351122
9324306,-0.3927832,6.0222764,-0.8969348
9324316,-1.5184424,2.9327013,-10.199191
9324326,-5.884563,-2.1710851,-2.2165906
9324336,-13.4169,-3.627257,0.5903723
9324346,-11.181149,-0.6873706,8.193362
9324356,-15.967595,5.7145166,2.4117846
9324365,-10.6183195,3.798501,-3.2715967
9324375,-4.1541615,-1.4681469,-7.3491173
9324385,-5.0235534,-4.590055,-0.08023316
9324395,-2.5279431,-10.577603,-4.206852
9324405,-0.32452515,-12.063713,-4.799619
9324415,0.18800904,-10.866203,-7.08327
9324425,-6.7599425,-20.005598,-1.2609777
9324435,-12.342733,-18.259628,-6.971902
9324444,-6.849756,-12.152329,-5.670209
9324454,-6.2102857,-8.783734,4.7553115
9324464,-9.315429,-8.102351,-5.330116
9324474,-6.7695227,-6.8341885,-8.340655
9324484,-1.7543519,-5.562433,-10.291399
9324494,0.49457154,-4.3948607,-8.109536
9324504,-1.4537768,-6.680907,-8.816067
9324513,-4.071533,-8.714278,-8.250842
9324523,-4.6259804,-10.849439,-8.952583
9324533,-5.7767873,-13.345049,-9.917776
9324543,-6.898854,-16.044235,-10.225536
9324553,-7.6425076,-16.48971,-7.0341725
9324563,-6.8892736,-13.871953,-3.171006
9324573,-5.0331335,-10.944042,-3.309917
9324582,-2.8919861,-8.9513855,-6.9120264
9324592,-0.9807605,-8.702304,-11.585907
9324602,0.022752685,-8.56938,-12.183464
9324612,0.4538562,-8.59333,-9.845925
9324622,0.17962646,-8.686736,-8.289163
9324632,-0.732876,-7.97302,-6.3911095
9324645,-1.4513818,-6.4402075,-4.9457154
9324655,-2.692002,-4.794829,-5.51094
9324665,-4.162544,-3.4991236,-5.5241127
9324675,-5.2882032,-3.2668066,-4.309838
9324684,-6.551576,-5.9396486,3.5865417
9324694,-7.956255,-8.337063,4.834347
9324704,-8.424481,-9.983639,-2.6632617
9324714,-7.826924,-9.513018,-8.446036
9324724,-6.2330384,-6.2725563,-10.523716
9324734,-4.169729,-5.140909,-10.630294
9324744,-3.1183155,-3.5578015,-8.770561
9324753,-2.381847,-3.67875,-15.255077
9324763,0.9400452,-5.2007847,-5.071454
9324773,0.41314086,-7.389833,-9.9572935
9324783,-3.2548316,-9.351354,-4.348158
9324793,-6.1815453,-7.6951976,-3.4164953
9324803,-8.661588,-9.616003,-4.9061975
9324813,-8.642428,-9.715397,-3.509901
9324823,-7.1994286,-9.490265,-5.2582655
9324832,-5.118157,-8.581355,-5.4175344
9324842,-3.8404138,-6.239026,-5.4402866
9324852,-3.8404138,-4.7038183,-5.8965383
9324862,-4.5217967,-4.9852333,-6.507268
9324872,-5.4738173,-6.2258534,-4.9864306
9324882,-5.773195,-5.9468336,-3.8236487
9324892,-5.2091675,-4.93374,-5.464237
9324901,-3.9721398,-4.8966174,-7.9179344
9324911,-2.76026,-6.2318406,-7.2724767
9324921,-1.8525476,-7.0461473,-5.9707837
9324931,-1.7016613,-7.005432,-4.798422
9324941,-2.0872595,-7.4245605,-5.346881
9324953,-2.327959,-6.654562,-1.6597486
9324963,-2.7758276,-5.908513,-2.2357507
9324973,-1.9746937,-5.773195,-2.8416908
9324983,-1.477727,-3.0596375,-2.8967762
9324993,-2.4273522,-1.4262341,-12.729528
9325002,-4.975653,-1.6142431,-1.5304174
9325012,-6.666537,-1.1783496,-8.787327
9325022,-7.0509377,-5.889353,-10.346484
9325032,-7.060518,-10.560839,-7.3491173
9325042,-6.619834,-12.355906,-4.763694
9325052,-6.0893373,-12.928315,-7.401808
9325062,-6.577921,-12.802577,-5.698949
9325071,-6.9120264,-10.638677,-0.44786865
9325081,-6.3851223,-7.458091,-7.9718227
9325091,-6.1372375,-6.75156,-13.711487
9325101,-4.8966174,-3.3949401,-8.394544
9325111,-6.3611717,-4.142186,-12.361894
9325121,-8.556208,-7.2712793,-9.327404
9325131,-8.760982,-9.527388,-8.187374
9325140,-7.834109,-11.326047,-8.349038
9325150,-7.1347632,-9.556128,-4.8523097
9325160,-5.310956,-7.2006264,-4.8666797
9325170,-4.2715173,-4.237987,-4.502637
9325180,-3.1734009,-1.6429834,-6.603069
9325190,-3.493136,-1.9878662,-8.61728
9325200,-4.88584,-2.4764502,-6.4940953
9325210,-7.021,-4.7672863,-6.2881236
9325219,-7.763456,-8.353828,-6.41506
9325229,-7.1144056,-10.056687,-4.190087
9325239,-6.4725404,-10.530901,-2.9758117
9325249,-6.397097,-10.358459,-2.6572742
9325259,-5.661826,-8.437654,-2.3315516
9325269,-4.728966,-6.547983,-5.2510805
9325279,-4.176914,-6.234236,-9.190887
9325288,-4.4271936,-6.4665527,-7.877219
9325298,-5.6223083,-7.7347155,-4.819977
9325308,-6.957532,-10.241103,-3.4919386
9325318,-6.812633,-11.485316,-3.1135254
9325328,-5.8091197,-9.034014,-10.399175
9325338,-5.6833816,-5.564828,-11.918815
9325348,-7.897577,1.0346484,-12.114009
9325357,-7.430548,-1.4178516,-14.464721
9325367,-6.541996,-1.3268409,-7.818541
9325377,-6.8389783,-3.68354,0.6430628
9325387,-5.457052,-7.9370947,-5.779182
9325397,-3.1410682,-10.789563,5.743257
9325407,-2.4417224,-12.56068,5.022356
9325417,-4.58766,-12.767849,2.6369164
9325426,-5.739664,-9.508227,1.3855188
9325436,-6.898854,-5.710924,1.729204
9325446,-7.268884,-2.3770568,2.262096
9325456,-5.612728,-2.0549269,-2.4129822
9325466,-4.191284,-2.6800268,-5.938451
9325476,-2.0022364,-4.685856,-5.8198977
9325486,-1.1064991,-3.2093263,-13.9390135
9325495,0.2562671,-1.2154725,-13.54623
9325505,-0.7975415,-0.86699706,-16.939974
9325515,-7.33834,-3.7122803,-19.15417
9325525,-12.184662,-5.2882032,-18.493143
9325535,-10.068662,-7.7598634,-20.161274
9325545,-7.1203933,-11.41586,-16.635805
9325555,-3.6631823,-12.005035,-12.972623
9325565,-1.0825489,-9.83874,-7.331155
9325574,-0.42751098,-6.0007215,-3.5362463
9325584,-2.5578809,-0.97716796,-2.762655
9325594,-5.884563,-5.732479,-7.4461155
9325604,-6.4234424,-10.867401,2.1770728
9325614,-3.5757642,-13.962964,15.450271
9325627,-3.453618,-12.524755,6.9132237
9325637,-2.9147387,-6.5192432,1.0633887
9325647,-3.5314562,-2.6057813,-3.5829492
9325657,-5.019961,-2.7339149,-7.232959
9325667,-4.9948134,-4.9852333,-6.7264123
9325677,-4.5768824,-7.555089,-6.5719337
9325687,-4.540957,-7.458091,-6.45817
9325696,-3.3554223,-6.2785435,-13.110337
9325706,-3.5637891,-1.6393908,-16.120876
9325716,-5.372029,-1.4010864,-11.014695
9325726,-9.369316,-2.1698878,-22.85567
9325736,-11.278147,-8.429272,-20.90373
9325746,-8.384963,-11.207494,-14.031222
9325756,-6.73719,-11.097323,-9.372909
9325766,-3.9649549,-7.890392,-8.104746
9325775,-2.2261705,-3.3494349,-4.58287
9325785,-1.7088464,-1.9651135,-8.687933
9325795,-5.9767714,-6.725215,-16.4466
9325805,-5.9911413,-8.802895,5.435497
9325815,-5.9001307,-12.434941,14.105468
9325825,-3.0572424,-12.033775,1.583108
9325835,-1.5639478,-7.4556956,1.0562036
9325844,-0.68018556,-2.205813,-3.4799633
9325854,-5.210365,-2.430945,-6.156398
9325864,-7.7526784,-4.7517185,-4.3780956
9325874,-7.9430823,-6.9024463,-3.67396
9325884,-7.197034,-7.489226,-4.3062453
9325894,-5.2043777,-9.163344,-7.6341248
9325904,-3.145858,-8.065228,-7.8317137
9325913,-2.215393,-3.9948926,-6.6844997
9325927,-2.8369007,0.80472654,-15.805931
9325937,-5.8881555,1.5064673,-18.099163
9325947,-9.610016,-3.0883777,-22.265299
9325957,-11.001522,-10.305769,-12.9750185
9325967,-8.766969,-13.282779,-10.996732
9325976,-6.0150914,-11.263777,-10.900931
9325986,-2.8452833,-4.934938,-6.004314
9325996,-0.124541014,-2.3710694,-2.4213648
9326006,-0.15687378,-4.4200087,-7.6484947
9326016,-2.8728259,-5.9911413,-3.114723
9326026,-0.7592212,-9.037606,9.623188
9326036,-2.572251,-12.569062,3.974535
9326045,-2.45729,-7.332352,2.5399182
9326055,-3.5637891,-5.277426,-7.364685
9326065,-5.48699,-4.7229786,-8.116721
9326075,-6.0103016,-6.900051,-8.745414
9326085,-6.7970653,-9.126222,-6.6749196
9326095,-6.9048414,-10.105785,-5.6570363
9326105,-5.9959316,-10.15129,-6.7431774
9326114,-4.538562,-9.871073,-5.7372694
9326124,-3.7086878,-8.441246,-7.573052
9326134,-3.8236487,-4.987628,-8.93941
9326144,-1.8537451,-5.4893847,-6.526428
9326154,-3.66917,-4.785249,0.0
9326164,-4.6331654,-5.973179,-1.3807287
9326174,-5.83786,-7.6149645,-5.447472
9326183,-8.947793,-9.53098,-8.2712
9326193,-8.505912,-10.455458,-7.96823
9326203,-6.644982,-10.739267,-10.808723
9326215,-6.598279,-9.909393,-11.023077
9326225,-7.244934,-8.97294,-13.019326
9326235,-8.656798,-5.877378,-8.420889
9326245,-7.0461473,-5.149292,-7.211404
9326255,-5.710924,-6.667734,-4.6894484
9326265,-7.1527257,-7.0485425,0.37482056
9326274,-5.2247353,-5.6163206,4.975653
9326284,-6.485713,-6.4018874,6.3527894
9326294,-1.1603869,-8.479567,11.384726
9326304,-4.429589,-13.607304,1.712439
9326314,-2.046544,-9.660312,3.3290772
9326324,-9.902208,-9.626781,-10.339299
9326334,-7.164701,-2.020199,-0.6969507
9326344,-3.1087353,-0.17962646,11.716435
9326353,-6.277346,0.7364685,3.2236962
9326363,3.5063086,4.406836,19.30745
9326373,-16.005915,-15.313755,-8.331076
9326383,-6.6653395,-11.937975,11.230247
9326393,1.3843213,5.4810023,11.061398
9326403,-16.377144,-9.990824,6.7335973
9326413,-4.5373645,-2.757865,-8.786129
9326422,-9.181308,-7.5131764,10.627899
9326432,-10.334509,-6.7192273,2.6417065
9326442,-5.542075,-7.9358974,-2.14953
9326452,-9.150172,-11.838581,8.151449
9326462,-1.592688,-9.560918,10.223141
9326472,-9.727372,-4.3146276,9.713001
9326482,-2.381847,2.445315,-5.962401
9326491,-6.046227,12.425362,2.7279272
9326501,-4.1122484,12.323573,-1.0130932
9326511,-3.7218604,5.095404,-3.6775525
9326521,-11.528426,-5.4810023,4.0727305
9326531,-15.9652,-10.936856,7.436536
9326541,-8.947793,-8.5717745,-8.566985
9326551,1.6801062,-9.364527,0.06346802
9326560,1.7950672,-2.5195606,1.648971
9326570,-4.8750625,-1.3196558,2.3411317
9326580,-7.780221,-1.5579602,6.74677
9326590,-8.086783,-6.3108764,3.0871801
9326600,-3.0332923,-6.3695545,-10.930869
9326610,3.4476306,-11.977492,11.080558
9326620,-4.9768505,-25.203987,11.746373
9326629,-6.763535,-16.696878,9.20406
9326639,-6.108497,0.96040285,-5.8079224
9326649,3.5230737,-7.0964427,7.213799
9326659,-3.9278321,-28.917465,0.9735754
9326669,-4.9864306,-17.654886,6.4485903
9326679,-1.9651135,-5.6318884,0.3544629
9326689,-3.253634,-1.9327807,-2.3519092
9326699,-5.740862,9.1693325,18.297949
9326708,-8.728649,5.999524,-11.057805
9326718,-0.79993653,10.397977,-4.768484
9326728,0.34009278,-0.22992188,-5.410349
9326738,-4.572092,-17.46568,6.7120423
9326748,-12.776232,-21.682112,0.12693603
9326758,-10.147697,-12.24334,3.3985326
9326768,-9.9081955,-5.2091675,-2.7363098
9326777,-7.763456,-3.3123121,-3.739823
9326787,-5.5025573,-6.547983,-1.5064673
9326797,-6.0103016,-11.304492,0.13292359
9326807,-7.4556956,-15.196399,1.8669177
9326817,-7.3347473,-16.517252,1.658551
9326827,-6.14083,-14.820381,1.5280224
9326837,-4.8523097,-12.087664,1.5579602
9326846,-4.2200246,-9.522597,1.3867164
9326856,-4.1457787,-7.203021,1.651366
9326866,-4.567302,-5.940846,1.6226257
9326876,-5.5097423,-5.7049365,0.9903406
9326886,-6.3503942,-6.716832,0.5029541
9326896,-6.2785435,-8.565787,1.3831238
9326906,-6.1683726,-9.875863,2.7207422
9326915,-6.387517,-8.950188,2.0549269
9326925,-6.5372057,-6.7683253,2.5423133
9326935,-5.676196,-4.940925,3.432063
9326945,-5.9923387,-2.1962328,3.5218763
9326955,-6.7060547,0.37482056,3.817661
9326965,-7.2640944,0.6538403,2.9913795
9326975,-6.812633,-1.3735437,2.4225624
9326985,-6.516848,-3.8775365,3.0057495
9326999,-6.786288,-5.797145,3.4033227
9327009,-7.077283,-7.03058,2.6045837
9327019,-7.573052,-7.835306,1.7459693
9327029,-8.062833,-7.2557116,2.9518616
9327039,-8.814869,-6.667734,4.5301795
9327048,-8.286768,-4.963678,3.6643798
9327058,-7.4317455,-4.888235,3.1745985
9327068,-7.052135,-3.7745507,0.5340893
9327078,-6.1204724,-4.387676,2.0645068
9327088,-6.0222764,-5.703739,4.125421
9327098,-6.8162255,-9.872271,4.59245
9327108,-8.344248,-10.797946,4.888235
9327117,-8.095166,-4.4810815,4.4104285
9327127,-6.6018715,1.6872913,4.1469765
9327137,-6.540798,4.206852,6.692882
9327147,-5.3780165,-1.1244617,4.470304
9327157,-5.2486854,-2.5087829,9.13221
9327167,-7.68442,1.7675244,2.078877
9327177,-5.20318,-0.013172608,-0.920885
9327186,-3.5901344,-1.6765137,1.2118798
9327196,-4.574487,-0.54366946,7.4341407
9327206,-5.0307384,-4.58287,6.251001
9327216,-8.950188,-8.666378,6.4090724
9327226,-8.804091,-6.422245,1.1915222
9327236,-9.705816,-4.355343,4.142186
9327246,-7.5526943,-7.1072206,0.7484436
9327255,-7.39582,-4.629573,4.059558
9327265,-7.315587,-5.762417,2.1339624
9327275,-6.2162733,-6.8461633,5.029541
9327285,-5.449867,-8.581355,5.452262
9327295,-4.0655456,-10.098599,5.6510487
9327305,-3.5158887,-10.548863,2.762655
9327315,-3.6320472,-10.897339,3.8871167
9327324,-3.6500099,-9.178912,3.0548475
9327334,-4.538562,-5.342091,1.3028907
9327344,-5.6390734,-3.1985486,1.409469
9327354,-5.6103334,-1.4453943,1.5112573
9327364,-5.4043617,-1.8549427,3.0129347
9327374,-5.8091197,-2.926714,4.6571155
9327384,-5.6582336,-4.035608,5.863008
9327394,-6.1372375,-6.373147,5.024751
9327403,-7.0533323,-7.9622426,4.0667434
9327413,-6.8725085,-8.310718,3.8559813
9327423,-6.864126,-8.071216,3.3326697
9327433,-6.483318,-7.219786,3.1745985
9327443,-6.2150755,-6.357579,3.810476
9327453,-5.8270826,-5.696554,3.8356237
9327463,-5.5875807,-6.070177,4.387676
9327478,-6.2545934,-7.5191636,4.8103967
9327487,-6.5372057,-8.196955,5.146897
9327497,-6.3599744,-7.9011693,3.265609
9327507,-6.8892736,-8.022118,1.8190173
9327517,-5.7588243,-6.7216225,3.0356872
9327527,-7.0221972,-2.2381458,4.277505
9327537,-4.5529323,0.34608033,5.1947975
9327547,-4.5062294,1.8753003,5.180427
9327556,-3.7757483,0.09699829,6.1552
9327566,-3.7170703,0.57001466,4.790039
9327576,-7.8784165,-8.386161,7.9442797
9327586,-1.5495776,0.31494507,16.23464
9327596,0.5281018,7.117998,6.468948
9327606,-6.827003,-6.9659142,-12.6445055
9327616,-10.932067,-15.795154,7.902367
9327625,-16.083754,-20.364851,6.8018556
9327635,-2.0704944,-3.5194812,-4.028423
9327645,-4.8990126,-6.541996,12.497211
9327655,-3.2799792,-5.205575,-3.0560448
9327665,-7.547904,-3.1626234,8.62207
9327675,1.8741028,-2.262096,-4.6319675
9327685,-7.611372,1.5591577,2.626139
9327694,-5.771997,0.015567627,-1.7519568
9327704,-11.338022,1.5471826,5.868995
9327714,-15.302978,4.511019,1.8238074
9327724,-12.354709,6.1671753,7.9442797
9327734,-4.0116577,0.6658154,-0.9364526
9327744,0.47062135,-3.1350806,-2.1878502
9327754,1.4585669,-2.396217,5.7564297
9327764,1.2645704,-7.103628,-9.163344
9327773,3.6955152,-3.075205,-4.8570995
9327783,-5.039121,-12.685221,10.629097
9327793,-11.254197,-28.403734,-2.1579125
9327803,-18.353035,-25.762028,0.91250247
9327813,-10.300979,-10.04591,-3.490741
9327823,-0.9675879,3.1937585,9.2328005
9327833,-2.7830126,-0.75203615,3.4811609
9327842,-5.0726514,0.7819739,0.81310916
9327852,-4.7553115,1.8429675,-1.4286292
9327862,-1.0538086,1.2657678,-4.267925
9327872,-5.124144,-3.5601966,-3.5482213
9327882,-6.653364,-8.093968,-1.2741504
9327892,-6.7803,-13.874348,-5.144502
9327902,-8.26641,-13.554613,-3.3961377
9327911,-7.9861927,-12.706776,-3.5829492
9327921,-7.9921803,-13.996494,-5.157675
9327931,-7.1826634,-13.376184,-5.290598
9327941,-5.9635987,-12.558285,-4.9840355
9327951,-5.4187317,-12.630136,-4.414021
9327961,-4.3230104,-12.713962,-3.4608033
9327971,-2.7758276,-12.60379,-2.838098
9327980,-1.658551,-12.346326,-2.3614893
9327990,-1.228645,-11.662548,-2.4956102
9328000,-1.4825171,-10.782378,-2.9758117
9328010,-2.1459374,-10.005194,-3.4500256
9328020,-2.9195287,-9.078321,-3.8727465
9328030,-3.530259,-8.344248,-3.9038818
9328040,-3.9757323,-8.110734,-4.071533
9328049,-4.2930727,-8.127499,-3.627257
9328059,-4.0739284,-8.388556,-3.0548475
9328069,-3.7362304,-8.440049,-2.5411158
9328079,-3.4548156,-8.699908,-2.269281
9328089,-3.0979578,-8.715476,-1.9112256
9328099,-2.8548632,-8.57896,-1.971101
9328109,-2.7051744,-8.132289,-2.1279747
9328119,-2.8919861,-7.909552,-2.6177564
9328128,-3.2931519,-7.785011,-2.941084
9328143,-3.8511915,-7.9370947,-2.4177723
9328153,-4.242777,-8.041278,-2.5195606
9328163,-4.6666956,-7.955057,-3.178191
9328173,-4.812792,-7.876022,-3.4057178
9328183,-5.116959,-8.153844,-3.1757958
9328193,-5.3408937,-8.419691,-2.5890162
9328203,-5.4247193,-8.683144,-2.2285657
9328213,-5.3384986,-8.874744,-1.717229
9328222,-5.4043617,-8.514295,-1.5016773
9328232,-5.469027,-7.9646373,-1.9543359
9328242,-5.7660093,-7.36708,-1.893263
9328252,-6.182743,-6.9096313,-2.4010072
9328262,-6.363567,-7.3299575,-2.811753
9328272,-6.4653554,-8.357421,-2.4872277
9328282,-6.219866,-8.904682,-1.3364209
9328291,-6.194718,-8.8388195,0.5173242
9328301,-6.3911095,-7.5275464,0.7496411
9328311,-6.854546,-6.2797413,-0.37362304
9328321,-6.964717,-4.1936793,-1.8645227
9328331,-7.897577,-4.169729,-1.3328284
9328341,-8.119116,-4.990023,-0.6430628
9328351,-7.7610607,-7.052135,0.43828857
9328360,-7.437733,-8.577763,1.477727
9328370,-6.908434,-9.726174,1.5088623
9328380,-6.243816,-10.068662,0.73407346
9328390,-6.786288,-10.263856,0.5113367
9328400,-7.4030056,-10.500963,0.89334226
9328410,-6.6186366,-10.3512745,1.4322217
9328420,-4.963678,-11.081756,2.4956102
9328429,-6.6821046,-7.749086,2.3519092
9328439,-5.576803,-4.9540977,0.47181883
9328449,-6.1444225,-6.922804,3.0716126
9328459,-4.059558,0.38919067,3.9098694
9328469,-3.617677,-0.7137158,1.0346484
9328479,-2.4069946,3.690725,5.7073317
9328489,-5.012776,-4.0571632,11.01709
9328499,-5.649851,-2.3267615,8.783734
9328508,0.6777905,6.668932,-2.3483167
9328518,-10.247091,-15.802339,-2.9003687
9328528,-9.884246,-3.5182836,13.864768
9328538,-9.334589,-14.349759,7.545509
9328548,-8.828042,-4.8427296,0.2694397
9328558,-6.212681,-11.474539,-4.4978466
9328568,-5.2415004,-4.077521,9.250763
9328577,-1.7747095,-0.41194335,3.4895434
9328587,-5.684579,-3.0799952,0.54247195
9328597,-6.971902,3.5625916,-0.6011499
9328607,-1.7914746,2.7794201,9.653126
9328617,-12.760664,-4.120631,-4.9552956
9328627,-10.352472,-7.5538917,7.479646
9328637,-3.1087353,-8.041278,9.277108
9328646,-3.1578333,-1.6920813,0.6885681
9328656,-1.465752,-1.7244141,1.5076648
9328666,-1.719624,-2.5614734,-4.1457787
9328676,-2.6213489,-7.3371425,11.365565
9328686,-5.6738014,-10.320139,6.1456203
9328696,-4.2822948,-8.758587,-6.308481
9328706,-1.409469,-10.298584,3.0967603
9328715,-4.30385,-11.423046,14.117443
9328725,-10.260263,-14.547349,0.13412109
9328735,-4.9576902,-13.444442,-3.570974
9328745,-3.97693,-12.088861,2.1950355
9328755,-4.702621,-14.208453,4.7373486
9328765,-3.2428565,-12.591815,2.5315356
9328775,-3.0907726,-4.653523,7.4976087
9328785,-4.726571,-6.5036755,1.8381774
9328794,-5.5875807,-8.134684,3.5865417
9328804,-6.295309,-3.7086878,-0.09939331
9328814,-3.864364,-4.3445654,3.612887
9328824,-4.5780797,-4.291875,1.0921289
9328834,-4.8235693,-3.2895594,2.4405248
9328844,-4.340973,-4.8990126,1.7687219
9328854,-5.2750306,-7.056925,3.1123278
9328863,-6.9096313,-8.161029,2.4680676
9328873,-7.388635,-8.9442005,1.7304016
9328888,-7.7035804,-8.998089,0.81191164
9328897,-7.5491014,-8.0508585,1.5220349
9328907,-6.9778895,-7.0413575,1.5160474
9328917,-6.45338,-6.2354336,1.6369958
9328927,-6.4545774,-6.587501,1.839375
9328937,-6.5431933,-6.6641417,1.1292517
9328947,-6.2593837,-7.0796776,2.4357347
9328957,-6.4629602,-8.031698,2.906356
9328966,-6.45338,-8.098759,3.7242553
9328976,-6.6653395,-7.4712634,3.1841784
9328986,-7.458091,-7.056925,3.4488282
9328996,-7.829319,-5.6881714,4.023633
9329006,-7.169491,-4.59724,3.7517982
9329016,-6.421047,-3.9445972,2.9111462
9329026,-5.9635987,-3.2248938,2.3950195
9329035,-5.706134,-3.333867,2.290836
9329045,-5.943241,-3.8080812,2.703977
9329055,-6.356382,-3.735033,3.8368213
9329065,-6.829398,-3.67875,4.622388
9329075,-7.05453,-3.5697765,5.572013
9329085,-7.2006264,-3.5841467,5.6270986
9329095,-7.1611085,-3.8487964,5.7145166
9329104,-6.5455885,-4.7205834,4.998406
9329114,-6.119275,-5.692961,4.7840514
9329124,-5.8151073,-5.2307224,4.749324
9329134,-5.7097263,-4.069138,4.7912364
9329144,-5.384004,-2.6069787,4.700226
9329154,-4.91458,-1.3855188,5.325326
9329164,-4.987628,-1.2537928,4.8570995
9329174,-5.556445,-2.1639001,4.980443
9329183,-6.325247,-4.0954833,5.7995396
9329193,-7.047345,-5.070256,6.3994923
9329203,-7.2066135,-5.3828063,6.199508
9329213,-6.644982,-4.8654823,5.879773
9329223,-6.0641894,-4.0200405,5.180427
9329233,-5.3361034,-2.5902135,5.381609
9329243,-5.24629,-1.7974621,3.1410682
9329252,-4.8978148,-2.4752526,3.798501
9329262,-5.4953723,-4.9301476,4.8570995
9329272,-6.077362,-6.422245,5.027146
9329282,-6.5791187,-5.6270986,4.867877
9329292,-6.2498035,-3.05365,4.8966174
9329302,-5.722899,-1.585503,4.6080174
9329312,-5.6007533,-1.6381934,4.728966
9329321,-5.5241127,-2.8955786,4.846322
9329331,-5.6642213,-3.9565723,4.7038183
9329341,-5.8737855,-3.925437,4.605623
9329351,-5.859415,-3.6320472,4.3349853
9329361,-5.9420433,-3.4021254,4.5301795
9329371,-5.891748,-3.2847693,4.8283596
9329381,-5.8438478,-3.4380505,5.146897
9329391,-5.774392,-3.3398547,5.7001467
9329400,-6.0246716,-3.4141004,6.1396327
9329410,-6.377937,-3.5350487,5.3947816
9329420,-6.065387,-3.7553906,5.22234
9329430,-5.685776,-3.9673498,4.8666797
9329440,-5.532495,-4.008065,4.9768505
9329450,-5.6103334,-3.8966968,5.1672544
9329460,-5.604346,-3.5913317,5.247488
9329469,-5.635481,-3.258424,5.2007847
9329479,-5.6809864,-3.0320947,5.461842
9329489,-5.6726036,-2.7782226,5.3073635
9329499,-5.7276893,-2.7482848,5.261858
9329509,-5.7923546,-3.1374755,5.422324
9329519,-5.640271,-3.6332445,5.1121693
9329529,0.79035646,9.920171,6.2893214
9329538,-7.5514965,-5.6175184,3.422483
9329548,-4.839137,-5.877378,5.8474402
9329558,-5.845045,-6.973099,6.2665687
9329568,-7.3826475,-6.9683094,6.514453
9329578,-7.1898484,-5.469027,6.1791506
9329588,-7.3371425,2.8249254,4.3924656
9329598,-5.5456676,-0.14370117,3.6955152
9329607,-4.660708,-2.3902295,4.8594947
9329617,-5.134922,-3.9410048,5.5145326
9329627,-5.943241,-4.651128,5.356461
9329637,-6.4593678,-4.30864,5.5803957
9329647,-6.45817,-3.9733374,5.649851
9329657,-6.0174866,-3.7637732,5.7145166
9329667,-5.527705,-3.5805542,5.635481
9329677,-5.381609,-3.3206947,5.527705
9329686,-5.1684523,-3.297942,5.459447
9329696,-5.4091516,-3.4608033,5.53968
9329706,-5.603148,-3.7733533,5.5612354
9329716,-5.701344,-4.0200405,5.4810023
9329726,-5.9025254,-3.9433997,5.5875807
9329736,-5.86181,-3.8428087,5.50136
9329746,-5.853428,-3.9086719,5.51573
9329755,-5.7779846,-3.9278321,5.5875807
9329765,-5.8953404,-4.085903,5.527705
9329775,-5.9528213,-4.113446,5.522915
9329785,-5.979166,-4.0535707,5.532495
9329795,-5.9001307,-4.030818,5.4414845
9329805,-5.8091197,-3.9386096,5.4558544
9329815,-5.7839723,-4.0008802,5.4247193
9329825,-5.8007374,-4.0978785,5.327721
9329834,-5.879773,-3.9362147,5.3049684
9329844,-5.8019347,-4.003275,5.2917957
9329854,-5.82349,-4.0978785,5.3313136
9329873,-5.8977356,-4.233197,5.351671
9329883,-5.7767873,-4.1050634,5.358856
9329892,-5.769602,-3.9924974,5.349276
9329902,-5.863008,-3.9553747,5.2426977
9329912,-5.8737855,-3.749403,5.1157618
9329922,-6.037844,-3.5913317,5.077441
9329932,-6.2785435,-3.7386255,5.173242
9329942,-6.258186,-3.974535,5.50136
9329952,-6.3923073,-4.206852,5.3504734
9329962,-6.3671594,-4.7457314,5.4235215
9329971,-6.3791347,-4.8714695,5.430707
9329981,-6.1061025,-4.6822634,5.5097423
9329991,-6.1983104,-4.4906616,5.5696177
9330001,-6.043832,-3.9014869,5.4247193
9330011,-6.1695704,-3.5925293,5.3600535
9330021,-6.1743603,-3.2751892,5.276228
9330031,-6.2797413,-3.0931678,5.043911
9330040,-6.199508,-2.5938063,4.790039
9330050,-5.987549,-2.3435266,4.58766
9330060,-5.6821837,-2.511178,4.6247826
9330070,-5.7540345,-3.2320788,4.7541137
9330080,-5.706134,-4.0248303,5.1935997
9330090,-6.058202,-4.493057,5.435497
9330100,-6.321654,-4.5205994,5.82828
9330110,-6.284531,-4.0954833,5.9025254
9330119,-5.8642054,-3.6033068,5.8294773
9330129,-5.4462743,-3.2476466,5.7923546
9330139,-4.9229627,-3.2045362,5.7217016
9330149,-4.5960426,-3.2033386,5.653444
9330159,-4.3757005,-3.185376,5.51573
9330169,-4.2667274,-3.2548316,5.4678297
9330179,-4.4834766,-3.5350487,5.2870054
9330189,-4.750521,-3.8559813,5.133724
9330198,-4.763694,-3.857179,5.330116
9330208,-4.7205834,-3.7206628,5.334906
9330218,-4.446354,-3.6871326,5.393584
9330228,-4.2367897,-3.6559973,5.5372853
9330238,-4.1302114,-3.8523889,5.527705
9330248,-4.1050634,-4.0116577,5.6103334
9330258,-4.364923,-4.181704,5.652246
9330267,-4.623585,-4.0368056,5.53968
9330277,-4.884642,-3.9158568,5.6330857
9330287,-4.90021,-3.9086719,5.749244
9330297,-5.0942063,-3.9386096,5.522915
9330307,-5.1504893,-4.0511756,5.637876
9330317,-5.4175344,-4.1469765,5.564828
9330327,-5.5588403,-3.974535,5.381609
9330337,-5.691764,-3.8356237,5.2307224
9330346,-5.8498354,-3.747008,5.173242
9330356,-5.80433,-3.838019,5.318141
9330366,-5.8390574,-4.1146436,5.483397
9330376,-5.8857603,-4.2439747,5.5780005
9330386,-6.070177,-4.3050475,5.574408
9330396,-6.1108923,-4.181704,5.548063
9330406,-6.2150755,-4.2092466,5.51573
9330415,-6.1444225,-4.198469,5.445077
9330425,-5.945636,-4.038003,5.483397
9330435,-5.8198977,-4.0392003,5.4019666
9330445,-5.6714063,-4.184099,5.5265074
9330455,-5.595963,-4.164939,5.4247193
9330465,-5.364844,-4.008065,5.4235215
9330475,-5.4187317,-3.932622,5.5301
9330484,-5.318141,-3.935017,5.466632
9330494,-5.18881,-3.993695,5.4881873
9330504,-5.127737,-3.9014869,5.6079383
9330514,-5.1552796,-3.8631666,5.5660253
9330524,-5.2163525,-3.7769458,5.6318884
9330534,-5.180427,-3.6883302,5.574408
9330544,-5.1289344,-3.7565882,5.452262
9330554,-5.1157618,-3.8260436,5.4798045
9330563,-5.1480947,-3.9433997,5.4953723
9330573,-5.1552796,-4.0978785,5.642666
9330583,-5.2115626,-4.028423,5.54926
9330593,-5.085824,-3.9410048,5.53489
9330603,-5.1864147,-3.98651,5.4881873
9330613,-5.0678616,-3.9996827,5.5097423
9330623,-5.1301317,-4.1098537,5.5684204
9330632,-5.24629,-4.197272,5.4750147
9330642,-5.332511,-4.267925,5.5444703
9330652,-5.373226,-4.277505,5.603148
9330662,-5.3528686,-4.1589513,5.6079383
9330672,-5.3408937,-3.979325,5.53489
9330682,-3.7961059,-4.5325747,1.8657203
9330692,-6.683302,-4.103866,2.809358
9330701,-5.5660253,-5.26066,5.762417
9330711,-5.0091834,-5.3265233,5.997129
9330721,-6.187533,-4.7601013,5.830675
9330731,-8.029303,-1.663341,5.0091834
9330741,-5.3133507,-3.3362622,5.0008006
9330751,-3.9086719,-4.1541615,5.691764
9330761,-4.076323,-4.555327,5.7276893
9330770,-4.7062135,-4.2008643,5.421127
9330780,-5.315746,-3.747008,5.20797
9330790,-5.669011,-3.7110827,5.2403026
9330800,-5.6833816,-3.935017,5.407954
9330810,-5.508545,-4.242777,5.5899754
9330820,-5.077441,-4.3541455,5.7300844
9330830,-4.9936156,-4.3469605,5.8414526
9330840,-5.0726514,-4.350553,5.750442
